genericdec
-3.9282	40.313769
27    11    2014
0   0
0.02    0
0.03    0
0.05    0
0.07    0
0.08    0
0.1 0
0.12    0
0.13    0
0.15    0
0.17    0
0.18    0
0.2 0
0.22    0
0.23    0
0.25    0
0.27    0
0.28    0
0.3 0
0.32    0
0.33    0
0.35    0
0.37    0
0.38    0
0.4 0
0.42    0
0.43    0
0.45    0
0.47    0
0.48    0
0.5 0
0.52    0
0.53    0
0.55    0
0.57    0
0.58    0
0.6 0
0.62    0
0.63    0
0.65    0
0.67    0
0.68    0
0.7 0
0.72    0
0.73    0
0.75    0
0.77    0
0.78    0
0.8 0
0.82    0
0.83    0
0.85    0
0.87    0
0.88    0
0.9 0
0.92    0
0.93    0
0.95    0
0.97    0
0.98    0
1   0
1.02    0
1.03    0
1.05    0
1.07    0
1.08    0
1.1 0
1.12    0
1.13    0
1.15    0
1.17    0
1.18    0
1.2 0
1.22    0
1.23    0
1.25    0
1.27    0
1.28    0
1.3 0
1.32    0
1.33    0
1.35    0
1.37    0
1.38    0
1.4 0
1.42    0
1.43    0
1.45    0
1.47    0
1.48    0
1.5 0
1.52    0
1.53    0
1.55    0
1.57    0
1.58    0
1.6 0
1.62    0
1.63    0
1.65    0
1.67    0
1.68    0
1.7 0
1.72    0
1.73    0
1.75    0
1.77    0
1.78    0
1.8 0
1.82    0
1.83    0
1.85    0
1.87    0
1.88    0
1.9 0
1.92    0
1.93    0
1.95    0
1.97    0
1.98    0
2   0
2.02    0
2.03    0
2.05    0
2.07    0
2.08    0
2.1 0
2.12    0
2.13    0
2.15    0
2.17    0
2.18    0
2.2 0
2.22    0
2.23    0
2.25    0
2.27    0
2.28    0
2.3 0
2.32    0
2.33    0
2.35    0
2.37    0
2.38    0
2.4 0
2.42    0
2.43    0
2.45    0
2.47    0
2.48    0
2.5 0
2.52    0
2.53    0
2.55    0
2.57    0
2.58    0
2.6 0
2.62    0
2.63    0
2.65    0
2.67    0
2.68    0
2.7 0
2.72    0
2.73    0
2.75    0
2.77    0
2.78    0
2.8 0
2.82    0
2.83    0
2.85    0
2.87    0
2.88    0
2.9 0
2.92    0
2.93    0
2.95    0
2.97    0
2.98    0
3   0
3.02    0
3.03    0
3.05    0
3.07    0
3.08    0
3.1 0
3.12    0
3.13    0
3.15    0
3.17    0
3.18    0
3.2 0
3.22    0
3.23    0
3.25    0
3.27    0
3.28    0
3.3 0
3.32    0
3.33    0
3.35    0
3.37    0
3.38    0
3.4 0
3.42    0
3.43    0
3.45    0
3.47    0
3.48    0
3.5 0
3.52    0
3.53    0
3.55    0
3.57    0
3.58    0
3.6 0
3.62    0
3.63    0
3.65    0
3.67    0
3.68    0
3.7 0
3.72    0
3.73    0
3.75    0
3.77    0
3.78    0
3.8 0
3.82    0
3.83    0
3.85    0
3.87    0
3.88    0
3.9 0
3.92    0
3.93    0
3.95    0
3.97    0
3.98    0
4   0
4.02    0
4.03    0
4.05    0
4.07    0
4.08    0
4.1 0
4.12    0
4.13    0
4.15    0
4.17    0
4.18    0
4.2 0
4.22    0
4.23    0
4.25    0
4.27    0
4.28    0
4.3 0
4.32    0
4.33    0
4.35    0
4.37    0
4.38    0
4.4 0
4.42    0
4.43    0
4.45    0
4.47    0
4.48    0
4.5 0
4.52    0
4.53    0
4.55    0
4.57    0
4.58    0
4.6 0
4.62    0
4.63    0
4.65    0
4.67    0
4.68    0
4.7 0
4.72    0
4.73    0
4.75    0
4.77    0
4.78    0
4.8 0
4.82    0
4.83    0
4.85    0
4.87    0
4.88    0
4.9 0
4.92    0
4.93    0
4.95    0
4.97    0
4.98    0
5   0
5.02    0
5.03    0
5.05    0
5.07    0
5.08    0
5.1 0
5.12    0
5.13    0
5.15    0
5.17    0
5.18    0
5.2 0
5.22    0
5.23    0
5.25    0
5.27    0
5.28    0
5.3 0
5.32    0
5.33    0
5.35    0
5.37    0
5.38    0
5.4 0
5.42    0
5.43    0
5.45    0
5.47    0
5.48    0
5.5 0
5.52    0
5.53    0
5.55    0
5.57    0
5.58    0
5.6 0
5.62    0
5.63    0
5.65    0
5.67    0
5.68    0
5.7 0
5.72    0
5.73    0
5.75    0
5.77    0
5.78    0
5.8 0
5.82    0
5.83    0
5.85    0
5.87    0
5.88    0
5.9 0
5.92    0
5.93    0
5.95    0
5.97    0
5.98    0
6   0
6.02    0
6.03    0
6.05    0
6.07    0
6.08    0
6.1 0
6.12    0
6.13    0
6.15    0
6.17    0
6.18    0
6.2 0
6.22    0
6.23    0
6.25    0
6.27    0
6.28    0
6.3 0
6.32    0
6.33    0
6.35    0
6.37    0
6.38    0
6.4 0
6.42    0
6.43    0
6.45    0
6.47    0
6.48    0
6.5 0
6.52    0
6.53    0
6.55    0
6.57    0.01
6.58    0.02
6.6 0.02
6.62    0.03
6.63    0.03
6.65    0.05
6.67    0.06
6.68    0.07
6.7 0.09
6.72    0.11
6.73    0.13
6.75    0.15
6.77    0.17
6.78    0.19
6.8 0.22
6.82    0.24
6.83    0.27
6.85    0.3
6.87    0.33
6.88    0.37
6.9 0.41
6.92    0.45
6.93    0.5
6.95    0.54
6.97    0.6
6.98    0.68
7   0.76
7.02    0.88
7.03    1.03
7.05    1.13
7.07    1.18
7.08    1.22
7.1 1.29
7.12    1.39
7.13    1.47
7.15    1.5
7.17    1.52
7.18    1.54
7.2 1.54
7.22    1.53
7.23    1.53
7.25    1.57
7.27    1.63
7.28    1.7
7.3 1.77
7.32    1.84
7.33    1.91
7.35    1.98
7.37    2.06
7.38    2.16
7.4 2.26
7.42    2.36
7.43    2.43
7.45    2.47
7.47    2.52
7.48    2.58
7.5 2.61
7.52    2.59
7.53    2.58
7.55    2.62
7.57    2.69
7.58    2.8
7.6 2.92
7.62    3.01
7.63    3.11
7.65    3.18
7.67    3.22
7.68    3.25
7.7 3.28
7.72    3.29
7.73    3.3
7.75    3.31
7.77    3.32
7.78    3.33
7.8 3.34
7.82    3.35
7.83    3.36
7.85    3.37
7.87    3.38
7.88    3.37
7.9 3.37
7.92    3.4
7.93    3.43
7.95    3.45
7.97    3.47
7.98    3.49
8   3.51
8.02    3.5
8.03    3.49
8.05    3.49
8.07    3.58
8.08    3.61
8.1 3.62
8.12    3.63
8.13    3.63
8.15    3.6
8.17    3.62
8.18    3.63
8.18    3.62
8.2 3.63
8.22    3.63
8.23    3.63
8.25    3.64
8.27    3.64
8.28    3.65
8.3 3.66
8.32    3.67
8.33    3.67
8.35    3.67
8.37    3.68
8.38    3.68
8.4 3.68
8.42    3.68
8.43    3.69
8.45    3.69
8.47    3.69
8.48    3.7
8.5 3.7
8.52    3.7
8.53    3.7
8.55    3.71
8.57    3.71
8.58    3.71
8.6 3.72
8.62    3.72
8.63    3.73
8.65    3.73
8.67    3.74
8.68    3.75
8.7 3.76
8.72    3.77
8.73    3.79
8.75    3.8
8.77    3.81
8.78    3.77
8.8 3.56
8.82    3.43
8.83    3.4
8.85    3.35
8.87    3.41
8.88    3.36
8.9 3.3
8.92    3.28
8.93    3.26
8.95    3.23
8.97    3.22
8.98    3.23
9   3.25
9.02    3.46
9.03    3.36
9.05    3.29
9.07    3.28
9.08    3.28
9.1 3.27
9.12    3.26
9.13    3.26
9.15    3.27
9.17    3.29
9.18    3.34
9.2 3.38
9.22    3.4
9.23    3.41
9.25    3.38
9.27    3.35
9.28    3.36
9.3 3.39
9.32    3.4
9.33    3.4
9.35    3.41
9.37    3.4
9.38    3.4
9.4 3.4
9.42    3.39
9.43    3.38
9.45    3.36
9.47    3.32
9.48    3.28
9.5 3.24
9.52    3.21
9.53    3.18
9.55    3.16
9.57    3.15
9.58    3.15
9.6 3.15
9.62    3.17
9.63    3.19
9.65    3.21
9.67    3.23
9.68    3.25
9.7 3.27
9.72    3.29
9.73    3.31
9.75    3.32
9.77    3.32
9.78    3.31
9.8 3.31
9.82    3.3
9.83    3.31
9.85    3.33
9.87    3.35
9.88    3.4
9.9 3.48
9.92    3.47
9.93    3.47
9.95    3.48
9.97    3.51
9.98    3.56
10  3.57
10.02   3.55
10.03   3.54
10.05   3.47
10.07   3.5
10.08   3.4
10.1    3.34
10.12   3.26
10.13   3.18
10.15   3.32
10.17   3.19
10.18   3.19
10.2    3.16
10.22   3.07
10.23   3.07
10.25   3.26
10.27   3.27
10.28   3.12
10.3    3.05
10.32   3.2
10.33   3.13
10.35   3.2
10.37   3.21
10.38   3.21
10.4    3.2
10.42   3.2
10.43   3.19
10.45   3.19
10.47   3.18
10.48   3.18
10.5    3.18
10.52   3.19
10.53   3.47
10.55   3.77
10.57   3.87
10.58   3.89
10.6    3.83
10.62   3.55
10.63   3.26
10.65   3.22
10.67   3.21
10.68   3.2
10.7    3.2
10.72   3.2
10.73   3.2
10.75   3.19
10.77   3.16
10.78   3.14
10.8    3.15
10.82   3.18
10.83   3.21
10.85   3.23
10.87   3.27
10.88   3.31
10.9    3.34
10.92   3.38
10.93   3.41
10.95   3.41
10.97   3.43
10.98   3.41
11  3.44
11.02   3.39
11.03   3.37
11.05   3.37
11.07   3.37
11.08   3.39
11.1    3.35
11.12   3.36
11.13   3.36
11.15   3.35
11.17   3.38
11.18   3.35
11.2    3.38
11.22   3.38
11.23   3.37
11.25   3.36
11.27   3.34
11.28   3.32
11.3    3.28
11.32   3.24
11.33   3.19
11.35   3.16
11.37   3.13
11.38   3.1
11.4    3.09
11.42   3.08
11.43   3.09
11.45   3.09
11.47   3.09
11.48   3.1
11.5    3.11
11.52   3.12
11.53   3.12
11.55   3.13
11.57   3.14
11.58   3.14
11.6    3.13
11.62   3.11
11.63   3.09
11.65   3.07
11.67   3.05
11.68   3.03
11.7    3.01
11.72   3.01
11.73   2.96
11.75   2.98
11.77   3.01
11.78   3.03
11.8    3.05
11.82   3.05
11.83   3.02
11.85   2.99
11.87   2.99
11.88   3.02
11.9    3.04
11.92   3.05
11.93   3.02
11.95   3.04
11.97   3.05
11.98   3
12  2.98
12.02   3.04
12.03   2.98
12.05   2.93
12.07   2.88
12.08   2.93
12.1    2.95
12.12   2.96
12.13   3
12.15   3.05
12.17   3.01
12.18   3.01
12.2    3.03
12.22   3.01
12.23   2.98
12.25   2.96
12.27   2.94
12.28   2.92
12.3    2.89
12.32   2.87
12.33   2.86
12.35   2.85
12.37   2.84
12.38   2.84
12.4    2.83
12.42   2.83
12.43   2.83
12.45   2.83
12.47   2.83
12.48   2.83
12.5    2.83
12.52   2.82
12.53   2.81
12.55   2.81
12.57   2.8
12.58   2.8
12.6    2.8
12.62   2.79
12.63   2.79
12.65   2.77
12.67   2.81
12.68   2.81
12.7    2.81
12.72   2.81
12.73   2.81
12.75   2.8
12.77   2.8
12.78   2.79
12.8    2.79
12.82   2.78
12.83   2.77
12.85   2.76
12.87   2.76
12.88   2.75
12.9    2.75
12.92   2.74
12.93   2.74
12.95   2.74
12.97   2.75
12.98   2.77
13  2.77
13.02   2.76
13.03   2.74
13.05   2.72
13.07   2.71
13.08   2.71
13.1    2.7
13.12   2.7
13.13   2.7
13.15   2.7
13.17   2.69
13.18   2.69
13.2    2.69
13.22   2.69
13.23   2.68
13.25   2.68
13.27   2.68
13.28   2.68
13.3    2.68
13.32   2.68
13.33   2.67
13.35   2.67
13.37   2.66
13.38   2.66
13.4    2.65
13.42   2.65
13.43   2.61
13.45   2.54
13.47   2.47
13.48   2.44
13.5    2.41
13.52   2.39
13.53   2.38
13.55   2.38
13.57   2.39
13.58   2.4
13.6    2.41
13.62   2.42
13.63   2.43
13.65   2.43
13.67   2.43
13.68   2.43
13.7    2.44
13.72   2.45
13.73   2.48
13.75   2.53
13.77   2.58
13.78   2.64
13.8    2.7
13.82   2.75
13.83   2.77
13.85   2.79
13.87   2.79
13.88   2.78
13.9    2.75
13.92   2.74
13.93   2.73
13.95   2.75
13.97   2.74
13.98   2.74
14  2.73
14.02   2.73
14.03   2.73
14.05   2.73
14.07   2.72
14.08   2.73
14.1    2.73
14.12   2.72
14.13   2.7
14.15   2.68
14.17   2.67
14.18   2.66
14.2    2.68
14.22   2.69
14.23   2.71
14.25   2.73
14.27   2.76
14.28   2.8
14.3    2.79
14.32   2.78
14.33   2.76
14.35   2.76
14.37   2.77
14.38   2.76
14.4    2.74
14.42   2.72
14.43   2.68
14.45   2.68
14.47   2.69
14.48   2.68
14.5    2.67
14.52   2.65
14.53   2.64
14.55   2.63
14.57   2.59
14.58   2.52
14.6    2.5
14.62   2.44
14.63   2.42
14.65   2.38
14.67   2.36
14.68   2.33
14.7    2.31
14.72   2.31
14.73   2.31
14.75   2.29
14.77   2.27
14.78   2.25
14.8    2.24
14.82   2.25
14.83   2.28
14.85   2.3
14.87   2.32
14.88   2.3
14.9    2.28
14.92   2.24
14.93   2.23
14.95   2.21
14.97   2.2
14.98   2.2
15  2.2
15.02   2.21
15.03   2.21
15.05   2.2
15.07   2.2
15.08   2.19
15.1    2.19
15.12   2.2
15.13   2.2
15.15   2.21
15.17   2.22
15.18   2.23
15.2    2.24
15.22   2.27
15.23   2.29
15.25   2.31
15.27   2.33
15.28   2.35
15.3    2.37
15.32   2.39
15.33   2.4
15.35   2.4
15.37   2.4
15.38   2.39
15.4    2.37
15.42   2.35
15.43   2.33
15.45   2.31
15.47   2.29
15.48   2.27
15.5    2.26
15.52   2.25
15.53   2.23
15.55   2.22
15.57   2.2
15.58   2.19
15.6    2.18
15.62   2.16
15.63   2.14
15.65   2.13
15.67   2.11
15.68   2.09
15.7    2.08
15.72   2.07
15.73   2.07
15.75   2.05
15.77   2.03
15.78   2.01
15.8    2
15.82   1.99
15.83   1.98
15.85   1.98
15.87   1.98
15.88   1.99
15.9    2
15.92   2.01
15.93   2.01
15.95   2.01
15.97   2.01
15.98   2.02
16  2.03
16.02   2.03
16.03   2.02
16.05   2.02
16.07   2
16.08   1.99
16.1    1.97
16.12   1.95
16.13   1.94
16.15   1.92
16.17   1.91
16.18   1.89
16.2    1.87
16.22   1.85
16.23   1.83
16.25   1.8
16.27   1.78
16.28   1.75
16.3    1.72
16.32   1.69
16.33   1.66
16.35   1.63
16.37   1.6
16.38   1.57
16.4    1.54
16.42   1.51
16.43   1.48
16.45   1.44
16.47   1.41
16.48   1.37
16.5    1.33
16.52   1.29
16.53   1.25
16.55   1.21
16.57   1.17
16.58   1.13
16.6    1.1
16.62   1.08
16.63   1.04
16.65   1
16.67   0.95
16.68   0.91
16.7    0.86
16.72   0.8
16.73   0.75
16.75   0.69
16.77   0.64
16.78   0.58
16.8    0.52
16.82   0.47
16.83   0.41
16.85   0.36
16.87   0.32
16.88   0.28
16.9    0.24
16.92   0.21
16.93   0.18
16.95   0.15
16.97   0.13
16.98   0.1
17  0.08
17.02   0.07
17.03   0.05
17.05   0.04
17.07   0.03
17.08   0.02
17.1    0.02
17.12   0.01
17.13   0
17.15   0
17.17   0
17.18   0
17.2    0
17.22   0
17.23   0
17.25   0
17.27   0
17.28   0
17.3    0
17.32   0
17.33   0
17.35   0
17.37   0
17.38   0
17.4    0
17.42   0
17.43   0
17.45   0
17.47   0
17.48   0
17.5    0
17.52   0
17.53   0
17.55   0
17.57   0
17.58   0
17.6    0
17.62   0
17.63   0
17.65   0
17.67   0
17.68   0
17.7    0
17.72   0
17.73   0
17.75   0
17.77   0
17.78   0
17.8    0
17.82   0
17.83   0
17.85   0
17.87   0
17.88   0
17.9    0
17.92   0
17.93   0
17.95   0
17.97   0
17.98   0
18  0
18.02   0
18.03   0
18.05   0
18.07   0
18.08   0
18.1    0
18.12   0
18.13   0
18.15   0
18.17   0
18.18   0
18.2    0
18.22   0
18.23   0
18.25   0
18.27   0
18.28   0
18.3    0
18.32   0
18.33   0
18.35   0
18.37   0
18.38   0
18.4    0
18.42   0
18.43   0
18.45   0
18.47   0
18.48   0
18.5    0
18.52   0
18.53   0
18.55   0
18.57   0
18.58   0
18.6    0
18.62   0
18.63   0
18.65   0
18.67   0
18.68   0
18.7    0
18.72   0
18.73   0
18.75   0
18.77   0
18.78   0
18.8    0
18.82   0
18.83   0
18.85   0
18.87   0
18.88   0
18.9    0
18.92   0
18.93   0
18.95   0
18.97   0
18.98   0
19  0
19.02   0
19.03   0
19.05   0
19.07   0
19.08   0
19.1    0
19.12   0
19.13   0
19.15   0
19.17   0
19.18   0
19.2    0
19.22   0
19.23   0
19.25   0
19.27   0
19.28   0
19.3    0
19.32   0
19.33   0
19.35   0
19.37   0
19.38   0
19.4    0
19.42   0
19.43   0
19.45   0
19.47   0
19.48   0
19.5    0
19.52   0
19.53   0
19.55   0
19.57   0
19.58   0
19.6    0
19.62   0
19.63   0
19.65   0
19.67   0
19.68   0
19.7    0
19.72   0
19.73   0
19.75   0
19.77   0
19.78   0
19.8    0
19.82   0
19.83   0
19.85   0
19.87   0
19.88   0
19.9    0
19.92   0
19.93   0
19.95   0
19.97   0
19.98   0
20  0
20.02   0
20.03   0
20.05   0
20.07   0
20.08   0
20.1    0
20.12   0
20.13   0
20.15   0
20.17   0
20.18   0
20.2    0
20.22   0
20.23   0
20.25   0
20.27   0
20.28   0
20.3    0
20.32   0
20.33   0
20.35   0
20.37   0
20.38   0
20.4    0
20.42   0
20.43   0
20.45   0
20.47   0
20.48   0
20.5    0
20.52   0
20.53   0
20.55   0
20.57   0
20.58   0
20.6    0
20.62   0
20.63   0
20.65   0
20.67   0
20.68   0
20.7    0
20.72   0
20.73   0
20.75   0
20.77   0
20.78   0
20.8    0
20.82   0
20.83   0
20.85   0
20.87   0
20.88   0
20.9    0
20.92   0
20.93   0
20.95   0
20.97   0
20.97   0
20.98   0
21  0
21.02   0
21.03   0
21.05   0
21.07   0
21.08   0
21.1    0
21.12   0
21.13   0
21.15   0
21.17   0
21.18   0
21.2    0
21.22   0
21.23   0
21.25   0
21.27   0
21.28   0
21.3    0
21.32   0
21.33   0
21.35   0
21.37   0
21.38   0
21.4    0
21.42   0
21.43   0
21.45   0
21.47   0
21.48   0
21.5    0
21.52   0
21.53   0
21.55   0
21.57   0
21.58   0
21.6    0
21.62   0
21.63   0
21.65   0
21.67   0
21.68   0
21.7    0
21.72   0
21.73   0
21.75   0
21.77   0
21.78   0
21.8    0
21.82   0
21.83   0
21.85   0
21.87   0
21.88   0
21.9    0
21.92   0
21.93   0
21.95   0
21.97   0
21.98   0
22  0
22.02   0
22.03   0
22.05   0
22.07   0
22.08   0
22.1    0
22.12   0
22.13   0
22.15   0
22.17   0
22.18   0
22.2    0
22.22   0
22.23   0
22.25   0
22.27   0
22.28   0
22.3    0
22.32   0
22.33   0
22.35   0
22.37   0
22.38   0
22.4    0
22.42   0
22.43   0
22.45   0
22.47   0
22.48   0
22.5    0
22.52   0
22.53   0
22.55   0
22.57   0
22.58   0
22.6    0
22.62   0
22.63   0
22.65   0
22.67   0
22.68   0
22.7    0
22.72   0
22.73   0
22.75   0
22.77   0
22.78   0
22.8    0
22.82   0
22.83   0
22.85   0
22.87   0
22.88   0
22.9    0
22.92   0
22.93   0
22.95   0
22.97   0
22.98   0
23  0
23.02   0
23.03   0
23.05   0
23.07   0
23.08   0
23.1    0
23.12   0
23.13   0
23.15   0
23.17   0
23.18   0
23.2    0
23.22   0
23.23   0
23.25   0
23.27   0
23.28   0
23.3    0
23.32   0
23.33   0
23.35   0
23.37   0
23.38   0
23.4    0
23.42   0
23.43   0
23.45   0
23.47   0
23.48   0
23.5    0
23.52   0
23.53   0
23.55   0
23.57   0
23.58   0
23.6    0
23.62   0
23.63   0
23.65   0
23.67   0
23.68   0
23.7    0
23.72   0
23.73   0
23.75   0
23.77   0
23.78   0
23.8    0
23.82   0
23.83   0
23.85   0
23.87   0
23.88   0
23.9    0
23.92   0
23.93   0
23.95   0
23.97   0
23.98   0