-3.77	40.23	Casa_Jose	 2	 4	2013	648
 0	 0	24	 1.01	 0.86	 0.01	 0.01	 0.00	 0.99	 1.02	 0.98	 3.59	-0.19	 0.18
 0	 1	28	 1.01	 0.79	 0.01	 0.02	 0.00	 0.99	 1.02	 0.98	 3.59	-0.18	 0.17
 0	 2	31	 1.01	 0.79	 0.01	 0.01	 0.00	 0.99	 1.03	 0.98	 3.59	-0.19	 0.17
 0	 3	34	 1.01	 0.79	 0.01	 0.01	 0.00	 0.99	 1.02	 0.98	 3.59	-0.18	 0.18
 0	 4	38	 1.01	 0.79	 0.01	 0.01	 0.00	 0.99	 1.02	 0.98	 3.59	-0.19	 0.18
 0	 5	41	 1.01	 0.83	 0.01	 0.02	 0.00	 0.99	 1.03	 0.98	 3.59	-0.18	 0.17
 0	 6	45	 1.01	 0.86	 0.01	 0.02	 0.00	 0.99	 1.02	 0.98	 3.59	-0.19	 0.17
 0	 7	48	 1.01	 0.90	 0.01	 0.01	 0.00	 0.99	 1.03	 0.98	 3.59	-0.18	 0.17
 0	 8	52	 1.01	 0.86	 0.01	 0.01	 0.00	 0.99	 1.03	 0.98	 3.59	-0.19	 0.17
 0	 9	55	 1.01	 0.75	 0.01	 0.02	 0.00	 0.99	 1.03	 0.98	 3.59	-0.18	 0.17
 0	10	59	 1.01	 0.86	 0.01	 0.02	 0.00	 0.99	 1.02	 0.98	 3.59	-0.18	 0.18
 0	12	 2	 1.01	 0.83	 0.01	 0.02	 0.00	 0.99	 1.03	 0.98	 3.59	-0.18	 0.17
 0	13	 6	 1.01	 0.75	 0.01	 0.01	 0.00	 0.99	 1.02	 0.98	 3.59	-0.19	 0.18
 0	14	 9	 1.01	 0.86	 0.01	 0.02	 0.00	 0.99	 1.02	 0.98	 3.59	-0.18	 0.17
 0	15	13	 1.01	 0.83	 0.01	 0.01	 0.00	 0.99	 1.03	 0.98	 3.59	-0.19	 0.17
 0	16	17	 1.01	 0.90	 0.01	 0.01	 0.00	 0.99	 1.03	 0.98	 3.59	-0.19	 0.18
 0	17	20	 1.01	 0.75	 0.01	 0.02	 0.00	 0.99	 1.02	 0.98	 3.59	-0.18	 0.17
 0	18	24	 1.01	 0.75	 0.01	 0.01	 0.00	 0.99	 1.02	 0.98	 3.59	-0.19	 0.17
 0	19	28	 1.01	 0.83	 0.01	 0.01	 0.00	 0.99	 1.02	 0.98	 3.59	-0.19	 0.18
 0	20	31	 1.01	 0.75	 0.01	 0.02	 0.00	 0.99	 1.02	 0.98	 3.59	-0.18	 0.17
 0	21	35	 1.01	 0.90	 0.01	 0.02	 0.00	 0.99	 1.03	 0.98	 3.59	-0.18	 0.17
 0	22	39	 1.01	 0.83	 0.01	 0.01	 0.00	 0.99	 1.03	 0.98	 3.59	-0.19	 0.17
 0	23	43	 6.69	 0.67	 0.01	 0.01	 0.03	 6.67	 6.70	 6.68	18.46	-0.07	 0.04
 0	24	46	 6.69	 0.72	 0.01	 0.01	 0.03	 6.67	 6.70	 6.68	18.46	-0.07	 0.04
 0	25	50	 6.69	 0.81	 0.01	 0.01	 0.03	 6.67	 6.70	 6.68	18.46	-0.07	 0.04
 0	26	54	 6.69	 0.72	 0.01	 0.01	 0.03	 6.67	 6.70	 6.68	18.46	-0.07	 0.04
 0	27	58	 6.69	 0.67	 0.01	 0.01	 0.03	 6.67	 6.70	 6.68	18.46	-0.07	 0.04
 0	29	 2	 6.69	 0.58	 0.01	 0.01	 0.03	 6.67	 6.70	 6.68	18.46	-0.07	 0.05
 0	30	 6	 6.69	 0.67	 0.01	 0.01	 0.03	 6.67	 6.70	 6.68	18.46	-0.07	 0.04
 0	31	10	 6.69	 0.67	 0.01	 0.01	 0.03	 6.67	 6.70	 6.68	18.46	-0.07	 0.04
 0	32	14	 6.69	 0.76	 0.01	 0.01	 0.03	 6.67	 6.70	 6.68	18.46	-0.07	 0.04
 0	33	18	 6.69	 0.76	 0.01	 0.01	 0.03	 6.67	 6.70	 6.68	18.46	-0.07	 0.04
 0	34	22	 6.69	 0.67	 0.01	 0.01	 0.03	 6.67	 6.70	 6.68	18.46	-0.07	 0.04
 0	35	26	 6.69	 0.58	 0.01	 0.01	 0.03	 6.67	 6.70	 6.68	18.46	-0.07	 0.04
 0	36	30	 6.69	 0.67	 0.01	 0.01	 0.03	 6.67	 6.70	 6.68	18.46	-0.08	 0.05
 0	37	34	 6.69	 0.72	 0.01	 0.01	 0.03	 6.67	 6.70	 6.68	18.46	-0.07	 0.04
 0	38	38	 6.69	 0.67	 0.01	 0.01	 0.03	 6.67	 6.70	 6.68	18.46	-0.07	 0.04
 0	39	42	 6.69	 0.58	 0.01	 0.01	 0.03	 6.67	 6.70	 6.68	18.46	-0.07	 0.04
 0	40	46	 6.69	 0.44	 0.01	 0.01	 0.03	 6.67	 6.70	 6.68	18.46	-0.07	 0.04
 0	41	50	 6.69	 0.72	 0.01	 0.01	 0.03	 6.67	 6.70	 6.68	18.46	-0.08	 0.05
 0	42	55	 6.69	 0.58	 0.01	 0.01	 0.03	 6.67	 6.70	 6.68	18.46	-0.07	 0.04
 0	43	59	 6.69	 0.67	 0.01	 0.01	 0.03	 6.67	 6.70	 6.68	18.46	-0.07	 0.04
 0	45	 3	 6.69	 0.58	 0.01	 0.01	 0.03	 6.67	 6.70	 6.68	18.46	-0.07	 0.04
 0	46	 7	 6.69	 0.72	 0.01	 0.01	 0.03	 6.67	 6.70	 6.68	18.46	-0.07	 0.04
 0	47	12	 6.69	 0.58	 0.01	 0.01	 0.03	 6.67	 6.70	 6.68	18.46	-0.07	 0.05
 0	48	16	 6.69	 0.79	 0.01	 0.01	 0.03	 6.67	 6.70	 6.68	18.46	-0.07	 0.04
 0	49	20	 6.69	 0.58	 0.01	 0.01	 0.03	 6.67	 6.70	 6.68	18.46	-0.07	 0.05
 0	50	25	 6.69	 0.58	 0.01	 0.01	 0.03	 6.67	 6.70	 6.68	18.46	-0.07	 0.04
 0	51	29	 6.69	 0.67	 0.01	 0.01	 0.03	 6.67	 6.70	 6.68	18.46	-0.07	 0.04
 0	52	33	 6.69	 0.58	 0.01	 0.01	 0.03	 6.67	 6.70	 6.68	18.46	-0.07	 0.05
 0	53	38	 6.69	 0.67	 0.01	 0.01	 0.03	 6.67	 6.70	 6.68	18.46	-0.07	 0.04
 0	54	42	 6.69	 0.58	 0.01	 0.01	 0.03	 6.67	 6.70	 6.68	18.46	-0.07	 0.04
 0	55	47	 6.69	 0.76	 0.01	 0.01	 0.03	 6.67	 6.70	 6.68	18.46	-0.07	 0.04
 0	56	51	 6.69	 0.58	 0.01	 0.01	 0.03	 6.67	 6.70	 6.68	18.46	-0.07	 0.04
 0	57	56	 6.69	 0.58	 0.01	 0.01	 0.03	 6.67	 6.70	 6.68	18.46	-0.07	 0.05
 0	59	 1	 6.69	 0.58	 0.01	 0.01	 0.03	 6.67	 6.70	 6.68	18.46	-0.07	 0.05
 1	 0	 5	 6.69	 0.67	 0.01	 0.01	 0.03	 6.67	 6.70	 6.68	18.46	-0.07	 0.04
 1	 1	10	 6.69	 0.67	 0.01	 0.01	 0.03	 6.67	 6.70	 6.68	18.46	-0.07	 0.04
 1	 2	14	 6.69	 0.58	 0.01	 0.01	 0.03	 6.67	 6.70	 6.68	18.46	-0.07	 0.05
 1	 3	19	 6.69	 0.67	 0.01	 0.01	 0.03	 6.67	 6.70	 6.68	18.46	-0.08	 0.04
 1	 4	24	 6.69	 0.44	 0.01	 0.01	 0.03	 6.67	 6.70	 6.68	18.46	-0.07	 0.04
 1	 5	28	 6.69	 0.58	 0.01	 0.01	 0.03	 6.67	 6.70	 6.68	18.46	-0.08	 0.05
 1	 6	33	 6.69	 0.58	 0.01	 0.01	 0.03	 6.67	 6.70	 6.68	18.46	-0.07	 0.04
 1	 7	38	 6.69	 0.81	 0.01	 0.01	 0.03	 6.67	 6.70	 6.68	18.46	-0.07	 0.04
 1	 8	42	 6.69	 0.67	 0.01	 0.01	 0.03	 6.67	 6.70	 6.68	18.46	-0.07	 0.04
 1	 9	47	 6.69	 0.67	 0.01	 0.01	 0.03	 6.67	 6.70	 6.68	18.46	-0.07	 0.04
 1	10	52	 6.69	 0.58	 0.01	 0.01	 0.03	 6.67	 6.70	 6.68	18.46	-0.08	 0.05
 1	11	57	 6.69	 0.76	 0.01	 0.01	 0.03	 6.67	 6.70	 6.68	18.46	-0.07	 0.04
 1	13	 2	 6.69	 0.72	 0.01	 0.01	 0.03	 6.67	 6.70	 6.68	18.46	-0.07	 0.04
 1	14	 7	 6.69	 0.58	 0.01	 0.01	 0.03	 6.67	 6.70	 6.68	18.46	-0.08	 0.04
 1	15	11	 6.69	 0.72	 0.01	 0.01	 0.03	 6.67	 6.70	 6.68	18.46	-0.08	 0.05
 1	16	16	 6.69	 0.67	 0.01	 0.01	 0.03	 6.67	 6.70	 6.68	18.46	-0.07	 0.04
 1	17	21	 6.69	 0.72	 0.01	 0.01	 0.03	 6.67	 6.70	 6.68	18.46	-0.07	 0.05
 1	18	26	 6.69	 0.58	 0.01	 0.01	 0.03	 6.67	 6.70	 6.68	18.46	-0.08	 0.04
 1	19	31	 6.69	 0.58	 0.01	 0.01	 0.03	 6.67	 6.70	 6.68	18.46	-0.07	 0.04
 1	20	36	 6.69	 0.79	 0.01	 0.01	 0.03	 6.67	 6.70	 6.68	18.46	-0.07	 0.04
 1	21	41	 6.69	 0.76	 0.01	 0.01	 0.03	 6.67	 6.70	 6.68	18.46	-0.07	 0.05
 1	22	47	 6.69	 0.58	 0.01	 0.01	 0.03	 6.67	 6.70	 6.68	18.46	-0.07	 0.04
 1	23	52	 6.69	 0.44	 0.01	 0.01	 0.03	 6.67	 6.70	 6.68	18.46	-0.07	 0.04
 1	24	57	 6.69	 0.76	 0.01	 0.01	 0.03	 6.67	 6.70	 6.68	18.46	-0.07	 0.04
 1	26	 2	 6.69	 0.58	 0.01	 0.01	 0.03	 6.67	 6.70	 6.68	18.46	-0.07	 0.04
 1	27	 7	 6.69	 0.67	 0.01	 0.01	 0.03	 6.67	 6.70	 6.68	18.46	-0.07	 0.04
 1	28	12	 6.69	 0.67	 0.01	 0.01	 0.03	 6.67	 6.70	 6.68	18.46	-0.07	 0.05
 1	29	18	 6.69	 0.58	 0.01	 0.01	 0.03	 6.67	 6.70	 6.68	18.46	-0.07	 0.04
 1	30	23	 6.69	 0.58	 0.01	 0.01	 0.03	 6.67	 6.70	 6.68	18.46	-0.07	 0.04
 1	31	28	 6.69	 0.67	 0.01	 0.01	 0.03	 6.67	 6.70	 6.68	18.46	-0.07	 0.04
 1	32	34	 6.69	 0.76	 0.01	 0.01	 0.03	 6.67	 6.70	 6.68	18.46	-0.07	 0.04
 1	33	39	 6.69	 0.76	 0.01	 0.01	 0.03	 6.67	 6.70	 6.68	18.46	-0.07	 0.04
 1	34	44	 6.69	 0.67	 0.01	 0.01	 0.03	 6.67	 6.70	 6.68	18.46	-0.07	 0.04
 1	35	50	 6.69	 0.58	 0.01	 0.01	 0.03	 6.67	 6.70	 6.68	18.46	-0.07	 0.04
 1	36	55	 6.69	 0.72	 0.01	 0.01	 0.03	 6.67	 6.70	 6.68	18.46	-0.07	 0.04
 1	38	 1	 6.69	 0.58	 0.01	 0.01	 0.03	 6.67	 6.70	 6.68	18.46	-0.08	 0.04
 1	39	 6	 6.69	 0.58	 0.01	 0.01	 0.03	 6.67	 6.70	 6.68	18.46	-0.07	 0.04
 1	40	12	 6.69	 0.67	 0.01	 0.01	 0.03	 6.67	 6.70	 6.68	18.46	-0.07	 0.05
 1	41	17	 6.69	 0.76	 0.01	 0.01	 0.03	 6.67	 6.70	 6.68	18.46	-0.07	 0.04
 1	42	23	 6.69	 0.58	 0.01	 0.01	 0.03	 6.67	 6.70	 6.68	18.46	-0.07	 0.04
 1	43	29	 6.69	 0.67	 0.01	 0.01	 0.03	 6.67	 6.70	 6.68	18.46	-0.07	 0.04
 1	44	34	 6.69	 0.67	 0.01	 0.01	 0.03	 6.67	 6.70	 6.68	18.46	-0.07	 0.04
 1	45	40	 6.69	 0.58	 0.01	 0.01	 0.03	 6.67	 6.70	 6.68	18.46	-0.07	 0.04
 1	46	46	 6.69	 0.76	 0.01	 0.01	 0.03	 6.67	 6.70	 6.68	18.46	-0.07	 0.04
 1	47	51	 6.69	 0.67	 0.01	 0.01	 0.03	 6.67	 6.70	 6.68	18.46	-0.07	 0.04
 1	48	57	 6.69	 0.76	 0.01	 0.01	 0.03	 6.67	 6.70	 6.68	18.46	-0.07	 0.04
 1	50	 3	 6.69	 0.58	 0.01	 0.01	 0.03	 6.67	 6.70	 6.68	18.46	-0.07	 0.04
 1	51	 9	 6.69	 0.72	 0.01	 0.01	 0.03	 6.67	 6.70	 6.68	18.46	-0.07	 0.04
 1	52	14	 6.69	 0.67	 0.01	 0.01	 0.03	 6.67	 6.70	 6.68	18.46	-0.07	 0.04
 1	53	20	 6.69	 0.58	 0.01	 0.01	 0.03	 6.67	 6.70	 6.68	18.46	-0.07	 0.05
 1	54	27	 6.69	 0.76	 0.01	 0.01	 0.03	 6.67	 6.70	 6.68	18.46	-0.07	 0.04
 1	55	33	 6.69	 0.67	 0.01	 0.01	 0.03	 6.67	 6.70	 6.68	18.46	-0.07	 0.04
 1	56	39	 6.69	 0.67	 0.01	 0.01	 0.03	 6.67	 6.70	 6.68	18.46	-0.07	 0.04
 1	57	45	 6.69	 0.58	 0.01	 0.01	 0.03	 6.67	 6.70	 6.68	18.46	-0.07	 0.04
 1	58	51	 6.69	 0.58	 0.01	 0.01	 0.03	 6.67	 6.70	 6.68	18.46	-0.07	 0.04
 1	59	57	 6.69	 0.58	 0.01	 0.01	 0.03	 6.67	 6.70	 6.68	18.46	-0.07	 0.04
 2	 1	 3	 6.69	 0.67	 0.01	 0.01	 0.03	 6.67	 6.70	 6.68	18.46	-0.07	 0.04
 2	 2	 9	 6.69	 0.58	 0.01	 0.01	 0.03	 6.67	 6.70	 6.68	18.46	-0.08	 0.05
 2	 3	15	 6.69	 0.76	 0.01	 0.01	 0.03	 6.67	 6.70	 6.68	18.46	-0.07	 0.04
 2	 4	21	 6.69	 0.67	 0.01	 0.01	 0.03	 6.67	 6.70	 6.68	18.46	-0.07	 0.04
 2	 5	27	 6.69	 0.67	 0.01	 0.01	 0.03	 6.67	 6.70	 6.68	18.46	-0.07	 0.04
 2	 6	34	 6.69	 0.76	 0.01	 0.01	 0.03	 6.67	 6.70	 6.68	18.46	-0.07	 0.04
 2	 7	40	 6.69	 0.67	 0.01	 0.01	 0.03	 6.67	 6.70	 6.68	18.46	-0.07	 0.05
 2	 8	46	 6.69	 0.76	 0.01	 0.01	 0.03	 6.67	 6.70	 6.68	18.46	-0.07	 0.04
 2	 9	53	 6.69	 0.76	 0.01	 0.01	 0.03	 6.67	 6.70	 6.68	18.46	-0.08	 0.04
 2	10	59	 6.69	 0.79	 0.01	 0.01	 0.03	 6.67	 6.70	 6.68	18.46	-0.07	 0.04
 2	12	 5	 6.69	 0.58	 0.01	 0.01	 0.03	 6.67	 6.70	 6.68	18.46	-0.07	 0.04
 2	13	12	 6.69	 0.83	 0.01	 0.01	 0.03	 6.67	 6.70	 6.68	18.46	-0.07	 0.04
 2	14	18	 6.69	 0.76	 0.01	 0.01	 0.03	 6.67	 6.70	 6.68	18.46	-0.07	 0.04
 2	15	24	 6.69	 0.67	 0.01	 0.01	 0.03	 6.67	 6.70	 6.68	18.46	-0.07	 0.04
 2	16	31	 6.69	 0.34	 0.01	 0.01	 0.03	 6.67	 6.70	 6.68	18.46	-0.08	 0.04
 2	17	38	 6.69	 0.58	 0.01	 0.01	 0.03	 6.67	 6.70	 6.68	18.46	-0.08	 0.04
 2	18	45	 6.70	 0.76	 0.01	 0.01	 0.03	 6.67	 6.70	 6.68	18.46	-0.07	 0.04
 2	19	51	 6.69	 0.67	 0.01	 0.01	 0.03	 6.67	 6.70	 6.68	18.46	-0.07	 0.04
 2	20	58	 6.69	 0.44	 0.01	 0.01	 0.03	 6.67	 6.70	 6.68	18.46	-0.07	 0.04
 2	22	 5	 6.69	 0.72	 0.01	 0.01	 0.03	 6.67	 6.70	 6.68	18.46	-0.07	 0.04
 2	23	11	 6.69	 0.72	 0.01	 0.01	 0.03	 6.67	 6.70	 6.68	18.46	-0.07	 0.04
 2	24	18	 6.69	 0.58	 0.01	 0.01	 0.03	 6.67	 6.70	 6.68	18.46	-0.08	 0.05
 2	25	25	 6.69	 0.58	 0.01	 0.01	 0.03	 6.67	 6.70	 6.68	18.46	-0.07	 0.04
 2	26	32	 6.69	 0.67	 0.01	 0.01	 0.03	 6.67	 6.70	 6.68	18.46	-0.07	 0.05
 2	27	39	 6.69	 0.67	 0.01	 0.01	 0.03	 6.67	 6.70	 6.68	18.46	-0.07	 0.04
 2	28	46	 6.69	 0.58	 0.01	 0.01	 0.03	 6.67	 6.70	 6.68	18.46	-0.07	 0.04
 2	29	53	 6.69	 0.72	 0.01	 0.01	 0.03	 6.67	 6.70	 6.68	18.46	-0.07	 0.04
 2	30	60	 6.69	 0.72	 0.01	 0.01	 0.03	 6.67	 6.70	 6.68	18.46	-0.07	 0.04
 2	32	 7	 6.69	 0.58	 0.01	 0.01	 0.03	 6.67	 6.70	 6.68	18.46	-0.07	 0.04
 2	33	14	 6.69	 0.76	 0.01	 0.01	 0.03	 6.67	 6.70	 6.68	18.46	-0.07	 0.04
 2	34	21	 6.69	 0.72	 0.01	 0.01	 0.03	 6.67	 6.70	 6.68	18.46	-0.07	 0.04
 2	35	28	 6.69	 0.58	 0.01	 0.01	 0.03	 6.67	 6.70	 6.68	18.46	-0.07	 0.04
 2	36	35	 6.69	 0.76	 0.01	 0.01	 0.03	 6.67	 6.70	 6.68	18.46	-0.08	 0.04
 2	37	43	 6.69	 0.67	 0.01	 0.01	 0.03	 6.67	 6.70	 6.68	18.46	-0.07	 0.04
 2	38	50	 6.69	 0.44	 0.01	 0.01	 0.03	 6.67	 6.70	 6.68	18.46	-0.07	 0.04
 2	39	57	 6.69	 0.67	 0.01	 0.01	 0.03	 6.67	 6.70	 6.68	18.46	-0.07	 0.04
 2	41	 4	 6.69	 0.76	 0.01	 0.01	 0.03	 6.67	 6.70	 6.68	18.46	-0.07	 0.04
 2	42	12	 6.69	 0.67	 0.01	 0.01	 0.03	 6.67	 6.70	 6.68	18.46	-0.07	 0.04
 2	43	19	 6.69	 0.67	 0.01	 0.01	 0.03	 6.67	 6.70	 6.68	18.46	-0.07	 0.04
 2	44	27	 6.69	 0.58	 0.01	 0.01	 0.03	 6.67	 6.70	 6.68	18.46	-0.07	 0.04
 2	45	34	 6.69	 0.67	 0.01	 0.01	 0.03	 6.67	 6.70	 6.68	18.46	-0.07	 0.04
 2	46	42	 6.69	 0.58	 0.01	 0.01	 0.03	 6.67	 6.70	 6.68	18.46	-0.08	 0.05
 2	47	49	 6.69	 0.67	 0.01	 0.01	 0.03	 6.67	 6.70	 6.68	18.46	-0.07	 0.04
 2	48	56	 6.69	 0.67	 0.01	 0.01	 0.03	 6.67	 6.70	 6.68	18.46	-0.08	 0.05
 2	50	 4	 6.69	 0.58	 0.01	 0.01	 0.03	 6.67	 6.70	 6.68	18.46	-0.07	 0.04
 2	51	11	 6.69	 0.67	 0.01	 0.01	 0.03	 6.67	 6.70	 6.68	18.46	-0.07	 0.04
 2	52	19	 6.69	 0.58	 0.01	 0.01	 0.03	 6.67	 6.70	 6.68	18.46	-0.07	 0.04
 2	53	27	 6.69	 0.67	 0.01	 0.01	 0.03	 6.67	 6.70	 6.68	18.46	-0.07	 0.04
 2	54	34	 6.69	 0.67	 0.01	 0.01	 0.03	 6.67	 6.70	 6.68	18.46	-0.07	 0.04
 2	55	42	 6.69	 0.58	 0.01	 0.01	 0.03	 6.67	 6.70	 6.68	18.46	-0.07	 0.04
 2	56	50	 6.69	 0.58	 0.01	 0.01	 0.03	 6.67	 6.70	 6.68	18.46	-0.07	 0.04
 2	57	58	 6.69	 0.58	 0.01	 0.01	 0.03	 6.67	 6.70	 6.68	18.46	-0.07	 0.05
 2	59	 6	 6.69	 0.58	 0.01	 0.01	 0.03	 6.67	 6.70	 6.68	18.46	-0.07	 0.04
 3	 0	14	 6.69	 0.67	 0.01	 0.01	 0.03	 6.67	 6.70	 6.68	18.46	-0.07	 0.05
 3	 1	22	 6.69	 0.67	 0.01	 0.01	 0.03	 6.67	 6.70	 6.68	18.46	-0.07	 0.05
 3	 2	30	 6.69	 0.58	 0.01	 0.01	 0.03	 6.67	 6.70	 6.68	18.46	-0.07	 0.04
 3	 3	38	 6.69	 0.58	 0.01	 0.01	 0.03	 6.67	 6.70	 6.68	18.46	-0.07	 0.04
 3	 4	46	 6.69	 0.44	 0.01	 0.01	 0.03	 6.67	 6.70	 6.68	18.46	-0.07	 0.04
 3	 5	54	 6.69	 0.76	 0.01	 0.01	 0.03	 6.67	 6.70	 6.68	18.46	-0.07	 0.04
 3	 7	 3	 6.69	 0.67	 0.01	 0.01	 0.03	 6.67	 6.70	 6.68	18.46	-0.07	 0.04
 3	 8	11	 6.69	 0.67	 0.01	 0.01	 0.03	 6.67	 6.70	 6.68	18.46	-0.07	 0.04
 3	 9	19	 6.69	 0.67	 0.01	 0.01	 0.03	 6.67	 6.70	 6.68	18.46	-0.07	 0.04
 3	10	28	 6.69	 0.76	 0.01	 0.01	 0.03	 6.67	 6.70	 6.68	18.46	-0.07	 0.04
 3	11	36	 6.69	 0.67	 0.01	 0.01	 0.03	 6.67	 6.70	 6.68	18.46	-0.07	 0.04
 3	12	44	 6.69	 0.58	 0.01	 0.01	 0.03	 6.67	 6.70	 6.68	18.46	-0.07	 0.05
 3	13	53	 6.69	 0.67	 0.01	 0.01	 0.03	 6.67	 6.70	 6.68	18.46	-0.08	 0.04
 3	15	 1	 6.69	 0.67	 0.01	 0.01	 0.03	 6.67	 6.70	 6.68	18.46	-0.07	 0.04
 3	16	 9	 6.69	 0.76	 0.01	 0.01	 0.03	 6.67	 6.70	 6.68	18.46	-0.08	 0.04
 3	17	18	 6.69	 0.72	 0.01	 0.01	 0.03	 6.67	 6.70	 6.68	18.46	-0.07	 0.05
 3	18	27	 6.69	 0.58	 0.01	 0.01	 0.03	 6.67	 6.70	 6.68	18.46	-0.07	 0.04
 3	19	35	 6.69	 0.67	 0.01	 0.01	 0.03	 6.67	 6.70	 6.68	18.46	-0.07	 0.05
 3	20	44	 6.69	 0.67	 0.01	 0.01	 0.03	 6.67	 6.70	 6.68	18.46	-0.07	 0.04
 3	21	53	 6.69	 0.76	 0.01	 0.01	 0.03	 6.67	 6.70	 6.68	18.46	-0.07	 0.04
 3	23	 1	 6.69	 0.44	 0.01	 0.01	 0.03	 6.67	 6.70	 6.68	18.46	-0.07	 0.04
 3	24	10	 6.69	 0.76	 0.01	 0.01	 0.03	 6.67	 6.70	 6.68	18.46	-0.07	 0.04
 3	25	19	 6.69	 0.67	 0.01	 0.01	 0.03	 6.67	 6.70	 6.68	18.46	-0.07	 0.05
 3	26	28	 6.69	 0.67	 0.01	 0.01	 0.03	 6.67	 6.70	 6.68	18.46	-0.07	 0.04
 3	27	37	 6.69	 0.72	 0.01	 0.01	 0.03	 6.67	 6.70	 6.68	18.46	-0.07	 0.04
 3	28	46	 6.69	 0.81	 0.01	 0.01	 0.03	 6.67	 6.70	 6.68	18.46	-0.07	 0.04
 3	29	55	 6.69	 0.58	 0.01	 0.01	 0.03	 6.67	 6.70	 6.68	18.46	-0.07	 0.04
 3	31	 4	 6.69	 0.44	 0.01	 0.01	 0.03	 6.67	 6.70	 6.68	18.46	-0.07	 0.04
 3	32	13	 6.69	 0.67	 0.01	 0.01	 0.03	 6.67	 6.70	 6.68	18.46	-0.07	 0.04
 3	33	22	 6.69	 0.72	 0.01	 0.01	 0.03	 6.67	 6.70	 6.68	18.46	-0.07	 0.04
 3	34	31	 6.69	 0.67	 0.01	 0.01	 0.03	 6.67	 6.70	 6.68	18.46	-0.07	 0.04
 3	35	40	 6.69	 0.58	 0.01	 0.01	 0.03	 6.67	 6.70	 6.68	18.46	-0.08	 0.04
 3	36	49	 6.69	 0.44	 0.01	 0.01	 0.03	 6.67	 6.70	 6.68	18.46	-0.07	 0.04
 3	37	59	 6.69	 0.67	 0.01	 0.01	 0.03	 6.67	 6.70	 6.68	18.46	-0.07	 0.04
 3	39	 8	 6.69	 0.67	 0.01	 0.01	 0.03	 6.67	 6.70	 6.68	18.46	-0.07	 0.04
 3	40	17	 6.69	 0.67	 0.01	 0.01	 0.03	 6.67	 6.70	 6.68	18.46	-0.07	 0.04
 3	41	26	 6.69	 0.67	 0.01	 0.01	 0.03	 6.67	 6.70	 6.68	18.46	-0.07	 0.04
 3	42	35	 6.69	 0.72	 0.01	 0.01	 0.03	 6.67	 6.70	 6.68	18.46	-0.07	 0.04
 3	43	44	 6.69	 0.76	 0.01	 0.01	 0.03	 6.67	 6.70	 6.68	18.46	-0.07	 0.04
 3	44	54	 6.69	 0.67	 0.01	 0.01	 0.03	 6.67	 6.70	 6.68	18.46	-0.07	 0.04
 3	46	 3	 6.69	 0.67	 0.01	 0.01	 0.03	 6.67	 6.70	 6.68	18.46	-0.07	 0.04
 3	47	13	 6.69	 0.58	 0.01	 0.01	 0.03	 6.67	 6.70	 6.68	18.46	-0.07	 0.04
 3	48	23	 6.69	 0.67	 0.01	 0.01	 0.03	 6.67	 6.70	 6.68	18.46	-0.07	 0.05
 3	49	32	 6.69	 0.58	 0.01	 0.01	 0.03	 6.67	 6.70	 6.68	18.46	-0.07	 0.04
 3	50	42	 6.69	 0.76	 0.01	 0.01	 0.03	 6.67	 6.70	 6.68	18.46	-0.07	 0.04
 3	51	51	 6.69	 0.72	 0.01	 0.01	 0.03	 6.67	 6.70	 6.68	18.46	-0.07	 0.04
 3	53	 1	 6.69	 0.76	 0.01	 0.01	 0.03	 6.67	 6.70	 6.68	18.46	-0.07	 0.04
 3	54	11	 6.69	 0.67	 0.01	 0.01	 0.03	 6.67	 6.70	 6.68	18.46	-0.07	 0.04
 3	55	21	 6.69	 0.58	 0.01	 0.01	 0.03	 6.67	 6.70	 6.68	18.46	-0.07	 0.04
 3	56	31	 6.69	 0.58	 0.01	 0.01	 0.03	 6.67	 6.70	 6.68	18.46	-0.07	 0.04
 3	57	41	 6.69	 0.67	 0.01	 0.01	 0.03	 6.67	 6.70	 6.68	18.46	-0.07	 0.04
 3	58	50	 6.69	 0.44	 0.01	 0.01	 0.03	 6.67	 6.70	 6.68	18.46	-0.07	 0.05
 4	 0	 1	 6.69	 0.58	 0.01	 0.01	 0.03	 6.67	 6.70	 6.68	18.46	-0.07	 0.04
 4	 1	11	 6.69	 0.67	 0.01	 0.01	 0.03	 6.67	 6.70	 6.68	18.46	-0.07	 0.04
 4	 2	21	 6.69	 0.67	 0.01	 0.01	 0.03	 6.67	 6.70	 6.68	18.46	-0.07	 0.04
 4	 3	31	 6.69	 0.58	 0.01	 0.01	 0.03	 6.67	 6.70	 6.68	18.46	-0.07	 0.04
 4	 4	41	 6.69	 0.76	 0.01	 0.01	 0.03	 6.67	 6.70	 6.68	18.46	-0.07	 0.04
 4	 5	51	 6.69	 0.67	 0.01	 0.01	 0.03	 6.67	 6.70	 6.68	18.46	-0.07	 0.04
 4	 7	 1	 6.69	 0.79	 0.01	 0.01	 0.03	 6.67	 6.70	 6.68	18.46	-0.07	 0.04
 4	 8	12	 6.69	 0.58	 0.01	 0.01	 0.03	 6.67	 6.70	 6.68	18.46	-0.07	 0.04
 4	 9	22	 6.69	 0.72	 0.01	 0.01	 0.03	 6.67	 6.70	 6.68	18.46	-0.08	 0.04
 4	10	32	 6.69	 0.76	 0.01	 0.01	 0.03	 6.67	 6.70	 6.68	18.46	-0.07	 0.05
 4	11	43	 6.69	 0.67	 0.01	 0.01	 0.03	 6.67	 6.70	 6.68	18.46	-0.07	 0.04
 4	12	53	 6.69	 0.67	 0.01	 0.01	 0.03	 6.67	 6.70	 6.68	18.46	-0.07	 0.04
 4	14	 4	 6.69	 0.72	 0.01	 0.01	 0.03	 6.67	 6.70	 6.68	18.46	-0.07	 0.04
 4	15	14	 6.69	 0.58	 0.01	 0.01	 0.03	 6.67	 6.70	 6.68	18.46	-0.07	 0.04
 4	16	25	 6.69	 0.67	 0.01	 0.01	 0.03	 6.67	 6.70	 6.68	18.46	-0.07	 0.04
 4	17	36	 6.69	 0.44	 0.01	 0.01	 0.03	 6.67	 6.70	 6.68	18.46	-0.07	 0.04
 4	18	46	 6.69	 0.44	 0.01	 0.01	 0.03	 6.67	 6.70	 6.68	18.46	-0.07	 0.05
 4	19	57	 6.69	 0.58	 0.01	 0.01	 0.03	 6.67	 6.70	 6.68	18.46	-0.07	 0.04
 4	21	 8	 6.69	 0.58	 0.01	 0.01	 0.03	 6.67	 6.70	 6.68	18.46	-0.07	 0.04
 4	22	19	 6.69	 0.67	 0.01	 0.01	 0.03	 6.67	 6.70	 6.68	18.46	-0.07	 0.04
 4	23	30	 6.69	 0.67	 0.01	 0.01	 0.03	 6.67	 6.70	 6.68	18.46	-0.07	 0.05
 4	24	41	 6.69	 0.58	 0.01	 0.01	 0.03	 6.67	 6.70	 6.68	18.46	-0.07	 0.04
 4	25	52	 6.69	 0.67	 0.01	 0.01	 0.03	 6.67	 6.70	 6.68	18.46	-0.07	 0.04
 4	27	 3	 6.69	 0.58	 0.01	 0.01	 0.03	 6.67	 6.70	 6.68	18.46	-0.07	 0.04
 4	28	14	 6.69	 0.67	 0.01	 0.01	 0.03	 6.67	 6.70	 6.68	18.46	-0.07	 0.04
 4	29	25	 6.69	 0.58	 0.01	 0.01	 0.03	 6.67	 6.70	 6.68	18.46	-0.07	 0.05
 4	30	37	 6.69	 0.76	 0.01	 0.01	 0.03	 6.67	 6.70	 6.68	18.46	-0.07	 0.04
 4	31	48	 6.70	 0.87	 0.01	 0.01	 0.03	 6.67	 6.70	 6.68	18.46	-0.07	 0.04
 4	32	59	 6.69	 0.58	 0.01	 0.01	 0.03	 6.67	 6.70	 6.68	18.46	-0.07	 0.04
 4	34	10	 6.69	 0.58	 0.01	 0.01	 0.03	 6.67	 6.70	 6.68	18.46	-0.07	 0.04
 4	35	22	 6.69	 0.67	 0.01	 0.01	 0.03	 6.67	 6.70	 6.68	18.46	-0.08	 0.05
 4	36	33	 6.69	 0.76	 0.01	 0.01	 0.03	 6.67	 6.70	 6.68	18.46	-0.07	 0.04
 4	37	44	 6.69	 0.76	 0.01	 0.01	 0.03	 6.67	 6.70	 6.68	18.46	-0.07	 0.04
 4	38	56	 6.69	 0.67	 0.01	 0.01	 0.03	 6.67	 6.70	 6.68	18.46	-0.08	 0.04
 4	40	 8	 6.69	 0.58	 0.01	 0.01	 0.03	 6.67	 6.70	 6.68	18.46	-0.07	 0.05
 4	41	20	 6.69	 0.67	 0.01	 0.01	 0.03	 6.67	 6.70	 6.68	18.46	-0.07	 0.04
 4	42	31	 6.69	 0.58	 0.01	 0.01	 0.03	 6.67	 6.70	 6.68	18.46	-0.07	 0.05
 4	43	43	 6.69	 0.67	 0.01	 0.01	 0.03	 6.67	 6.70	 6.68	18.46	-0.07	 0.04
 4	44	55	 6.69	 0.67	 0.01	 0.01	 0.03	 6.67	 6.70	 6.68	18.46	-0.07	 0.05
 4	46	 7	 6.69	 0.58	 0.01	 0.01	 0.03	 6.67	 6.70	 6.68	18.46	-0.07	 0.04
 4	47	19	 6.69	 0.76	 0.01	 0.01	 0.03	 6.67	 6.70	 6.68	18.46	-0.07	 0.04
 4	48	31	 6.69	 0.72	 0.01	 0.01	 0.03	 6.67	 6.70	 6.68	18.46	-0.07	 0.04
 4	49	43	 6.69	 0.58	 0.01	 0.01	 0.03	 6.67	 6.70	 6.68	18.46	-0.07	 0.04
 4	50	55	 6.69	 0.76	 0.01	 0.01	 0.03	 6.67	 6.70	 6.68	18.46	-0.07	 0.04
 4	52	 7	 6.69	 0.76	 0.01	 0.01	 0.03	 6.67	 6.70	 6.68	18.46	-0.07	 0.05
 4	53	20	 6.69	 0.58	 0.01	 0.01	 0.03	 6.67	 6.70	 6.68	18.46	-0.07	 0.04
 4	54	32	 6.69	 0.67	 0.01	 0.01	 0.03	 6.67	 6.70	 6.68	18.46	-0.07	 0.04
 4	55	44	 6.69	 0.58	 0.01	 0.01	 0.03	 6.67	 6.70	 6.68	18.46	-0.07	 0.04
 4	56	57	 6.69	 0.58	 0.01	 0.01	 0.03	 6.67	 6.70	 6.68	18.46	-0.07	 0.04
 4	58	 9	 6.69	 0.67	 0.01	 0.01	 0.03	 6.67	 6.70	 6.68	18.46	-0.07	 0.04
 4	59	22	 6.69	 0.76	 0.01	 0.01	 0.03	 6.67	 6.70	 6.68	18.46	-0.07	 0.04
 5	 0	35	 6.69	 0.67	 0.01	 0.01	 0.03	 6.67	 6.70	 6.68	18.46	-0.07	 0.04
 5	 1	47	 6.69	 0.58	 0.01	 0.01	 0.03	 6.67	 6.70	 6.68	18.46	-0.07	 0.04
 5	 2	60	 6.69	 0.67	 0.01	 0.01	 0.03	 6.67	 6.70	 6.68	18.46	-0.07	 0.04
 5	 4	13	 6.69	 0.67	 0.01	 0.01	 0.03	 6.67	 6.70	 6.68	18.46	-0.07	 0.04
 5	 5	26	 6.69	 0.67	 0.01	 0.01	 0.03	 6.67	 6.70	 6.68	18.46	-0.08	 0.04
 5	 6	39	 6.69	 0.58	 0.01	 0.01	 0.03	 6.67	 6.70	 6.68	18.46	-0.08	 0.05
 5	 7	52	 6.69	 0.58	 0.01	 0.01	 0.03	 6.67	 6.70	 6.68	18.46	-0.07	 0.04
 5	 9	 5	 6.69	 0.67	 0.01	 0.01	 0.03	 6.67	 6.70	 6.68	18.46	-0.08	 0.04
 5	10	19	 6.69	 0.67	 0.01	 0.01	 0.03	 6.67	 6.70	 6.68	18.46	-0.07	 0.04
 5	11	32	 6.69	 0.67	 0.01	 0.01	 0.03	 6.67	 6.70	 6.68	18.46	-0.07	 0.04
 5	12	45	 6.69	 0.67	 0.01	 0.01	 0.03	 6.67	 6.70	 6.68	18.46	-0.07	 0.04
 5	13	58	 6.69	 0.58	 0.01	 0.01	 0.03	 6.67	 6.70	 6.68	18.46	-0.07	 0.04
 5	15	12	 6.69	 0.58	 0.01	 0.01	 0.03	 6.67	 6.70	 6.68	18.46	-0.07	 0.04
 5	16	25	 6.69	 0.81	 0.01	 0.01	 0.03	 6.67	 6.70	 6.68	18.46	-0.07	 0.04
 5	17	38	 6.69	 0.44	 0.01	 0.01	 0.03	 6.67	 6.70	 6.68	18.46	-0.08	 0.04
 5	18	52	 6.69	 0.67	 0.01	 0.01	 0.03	 6.67	 6.70	 6.68	18.46	-0.07	 0.05
 5	20	 5	 6.69	 0.67	 0.01	 0.01	 0.03	 6.67	 6.70	 6.68	18.46	-0.07	 0.04
 5	21	19	 6.69	 0.76	 0.01	 0.01	 0.03	 6.67	 6.70	 6.68	18.46	-0.07	 0.04
 5	22	33	 6.70	 0.67	 0.01	 0.01	 0.03	 6.67	 6.70	 6.69	18.46	-0.07	 0.03
 5	23	46	 6.70	 0.79	 0.01	 0.01	 0.03	 6.67	 6.70	 6.69	18.46	-0.06	 0.02
 5	25	 0	 6.70	 0.76	 0.02	 0.01	 0.03	 6.67	 6.71	 6.73	18.47	-0.04	-0.05
 5	26	14	 6.74	 0.78	 0.05	 0.03	 0.03	 6.69	 6.74	 6.93	18.54	 0.05	-0.36
 5	27	28	 6.92	 0.85	 0.10	 0.06	 0.03	 6.76	 6.89	 7.54	18.79	 0.25	-1.12
 5	28	42	 7.31	 0.87	 0.13	 0.10	 0.03	 6.93	 7.22	 8.74	19.28	 0.57	-2.24
 5	29	56	 8.05	 0.88	 0.15	 0.14	 0.04	 7.24	 7.88	11.01	20.11	 0.98	-3.76
 5	31	11	 8.81	 0.90	 0.17	 0.18	 0.06	 7.26	 8.47	14.57	20.87	 1.72	-5.99
 5	32	25	 9.72	 0.91	 0.18	 0.22	 0.08	 7.07	 9.14	19.58	21.67	 2.64	-8.65
 5	33	39	10.92	 0.89	 0.19	 0.25	 0.10	 7.00	10.13	25.32	22.66	 3.37	-10.84
 5	34	54	12.25	 0.91	 0.20	 0.26	 0.12	 7.07	11.18	31.34	23.57	 4.04	-12.71
 5	36	 8	13.79	 0.91	 0.21	 0.28	 0.15	 7.24	12.41	38.01	24.54	 4.65	-14.39
 5	37	23	15.61	 0.95	 0.24	 0.30	 0.18	 7.38	13.82	46.44	25.07	 5.42	-16.40
 5	38	37	22.75	 0.97	 0.30	 0.35	 0.24	12.42	20.39	61.76	31.80	 6.13	-18.68
 5	39	51	28.22	 0.97	 0.34	 0.38	 0.29	15.89	25.46	74.77	35.72	 6.59	-20.40
 5	41	 6	31.41	 0.97	 0.37	 0.42	 0.33	17.23	28.67	82.73	37.27	 6.59	-21.86
 5	42	21	39.67	 0.98	 0.41	 0.45	 0.35	20.80	39.52	89.95	40.59	 3.82	-20.86
 5	43	36	48.40	 0.98	 0.45	 0.49	 0.38	25.36	50.61	97.41	43.58	 2.34	-20.67
 5	44	51	52.28	 0.99	 0.48	 0.57	 0.38	23.54	58.11	97.53	40.60	 0.68	-21.09
 5	46	 6	51.16	 0.98	 0.47	 0.57	 0.38	23.35	56.59	96.18	39.48	 1.11	-21.37
 5	47	21	49.04	 0.98	 0.46	 0.53	 0.37	23.50	53.40	93.51	38.69	 1.42	-20.47
 5	48	36	49.39	 0.98	 0.45	 0.52	 0.36	23.67	54.04	92.67	39.05	 1.02	-19.58
 5	49	52	54.46	 0.99	 0.54	 0.61	 0.38	28.76	59.06	98.15	40.94	 1.86	-22.02
 5	51	 7	51.24	 0.98	 0.37	 0.29	 0.29	41.29	51.67	74.85	37.36	 1.57	-10.03
 5	52	22	57.39	 0.99	 0.41	 0.36	 0.31	46.07	58.96	79.14	35.18	 1.66	-11.29
 5	53	38	56.36	 0.98	 0.40	 0.36	 0.31	44.33	58.30	78.04	34.77	 1.24	-11.07
 5	54	54	62.37	 0.99	 0.43	 0.35	 0.32	53.33	63.35	81.22	36.99	 2.42	-10.91
 5	56	 9	81.90	 0.99	 0.43	 0.36	 0.38	79.17	80.20	97.87	45.84	 5.10	-11.60
 5	57	25	76.48	 0.98	 0.41	 0.28	 0.35	72.97	75.56	90.21	45.66	 3.26	-8.80
 5	58	41	63.98	 0.98	 0.45	 0.27	 0.32	57.98	63.76	80.61	41.49	 2.51	-8.57
 5	59	57	87.78	 0.99	 0.45	 0.36	 0.41	86.79	85.23	103.53	48.76	 5.90	-11.53
 6	 1	12	73.06	 0.99	 0.43	 0.32	 0.34	69.05	72.47	86.78	41.13	 3.38	-9.49
 6	 2	27	75.99	 0.99	 0.40	 0.32	 0.35	74.10	74.34	89.52	42.65	 4.63	-9.41
 6	 3	43	68.16	 0.99	 0.47	 0.31	 0.32	65.12	67.02	82.07	39.17	 4.35	-9.31
 6	 4	59	73.09	 0.99	 0.43	 0.31	 0.34	71.67	71.34	85.95	41.10	 5.00	-9.16
 6	 6	15	76.46	 0.99	 0.42	 0.31	 0.35	76.09	74.26	88.86	42.76	 5.59	-9.13
 6	 7	31	66.30	 0.99	 0.47	 0.30	 0.31	64.02	64.96	79.26	38.34	 4.55	-8.63
 6	 8	47	69.33	 0.99	 0.49	 0.32	 0.32	67.57	67.86	81.59	38.26	 5.13	-8.94
 6	10	 3	73.66	 0.99	 0.47	 0.32	 0.34	72.62	71.99	85.18	40.19	 5.20	-8.91
 6	11	20	74.77	 0.99	 0.43	 0.33	 0.34	73.94	72.83	87.07	40.97	 5.46	-9.34
 6	12	36	74.34	 0.99	 0.44	 0.33	 0.34	73.38	72.42	86.89	40.86	 5.45	-9.41
 6	13	53	69.40	 0.99	 0.49	 0.31	 0.32	68.13	67.81	81.00	38.43	 5.17	-8.29
 6	15	10	70.96	 0.99	 0.46	 0.32	 0.33	69.39	69.57	82.44	39.05	 4.86	-8.59
 6	16	27	72.11	 0.99	 0.46	 0.32	 0.33	70.90	70.56	83.37	39.62	 4.98	-8.40
 6	17	43	68.73	 0.99	 0.46	 0.31	 0.32	65.12	68.25	80.82	38.53	 3.39	-8.00
 6	18	59	68.12	 0.99	 0.47	 0.32	 0.32	63.93	67.82	80.87	38.23	 3.46	-8.70
 6	20	16	71.68	 0.99	 0.47	 0.33	 0.33	67.86	71.21	84.52	39.68	 3.61	-9.13
 6	21	33	73.35	 0.99	 0.46	 0.34	 0.34	69.95	72.53	86.75	40.57	 3.93	-9.68
 6	22	50	73.42	 0.99	 0.46	 0.34	 0.34	69.78	72.67	87.11	40.74	 3.92	-9.76
 6	24	 7	74.80	 0.99	 0.44	 0.34	 0.35	71.65	73.79	88.51	41.34	 4.12	-9.86
 6	25	24	75.02	 0.99	 0.45	 0.33	 0.35	72.21	73.94	88.15	41.51	 4.17	-9.46
 6	26	42	172.24	 0.98	 0.46	 0.24	 0.77	176.68	165.57	194.95	81.20	 7.66	-10.09
 6	27	59	69.50	 0.99	 0.48	 0.31	 0.32	66.91	68.48	81.65	38.73	 4.33	-8.46
 6	29	17	70.78	 0.99	 0.48	 0.31	 0.33	68.94	69.51	82.25	39.27	 4.56	-8.17
 6	30	35	80.52	 0.99	 0.45	 0.32	 0.36	79.64	78.86	91.36	44.57	 4.65	-8.01
 6	31	52	67.64	 0.99	 0.46	 0.28	 0.31	66.82	66.23	77.05	37.66	 4.53	-6.73
 6	33	10	68.98	 0.99	 0.47	 0.28	 0.31	68.75	67.37	77.88	38.26	 4.78	-6.40
 6	34	28	72.33	 0.99	 0.43	 0.28	 0.32	72.92	70.45	80.37	39.88	 5.09	-5.83
 6	35	45	75.44	 0.99	 0.41	 0.28	 0.33	76.84	73.34	82.55	41.17	 5.42	-5.37
 6	37	 3	66.25	 0.99	 0.39	 0.25	 0.29	66.38	64.91	72.73	36.78	 3.93	-4.26
 6	38	21	72.46	 0.99	 0.35	 0.25	 0.31	73.62	70.91	77.31	39.38	 4.19	-3.38
 6	39	40	96.94	 0.99	 0.41	 0.25	 0.42	99.69	94.45	102.33	53.81	 4.85	-3.41
 6	40	58	73.67	 0.99	 0.35	 0.24	 0.31	74.65	72.24	78.33	39.91	 3.73	-3.33
 6	42	16	76.68	 0.99	 0.32	 0.23	 0.33	77.83	75.25	80.99	41.65	 3.61	-2.95
 6	43	34	77.37	 0.99	 0.32	 0.24	 0.33	78.65	75.88	81.63	42.13	 3.65	-2.85
 6	44	52	59.40	 0.99	 0.35	 0.22	 0.26	59.36	58.46	64.41	33.92	 2.79	-2.46
 6	46	 9	65.09	 0.99	 0.42	 0.24	 0.28	65.94	63.52	70.82	36.33	 4.02	-3.50
 6	47	28	68.46	 0.99	 0.42	 0.25	 0.30	69.47	66.80	74.26	37.78	 4.30	-4.00
 6	48	46	76.62	 0.99	 0.39	 0.28	 0.33	78.71	74.34	82.84	41.79	 5.39	-4.66
 6	50	 3	68.16	 0.99	 0.42	 0.30	 0.30	68.85	66.56	74.59	36.38	 4.76	-4.19
 6	51	21	65.39	 0.99	 0.43	 0.31	 0.30	65.76	63.69	73.22	35.23	 5.20	-4.46
 6	52	40	66.12	 0.99	 0.49	 0.33	 0.30	67.92	63.59	74.47	35.72	 6.71	-5.70
 6	53	58	68.91	 0.99	 0.49	 0.34	 0.32	69.46	66.68	79.03	36.85	 6.51	-7.19
 6	55	17	218.38	 0.98	 0.37	 0.08	 0.90	223.57	213.73	228.58	93.09	 3.54	-3.41
 6	56	35	72.10	 0.99	 0.49	 0.37	 0.34	68.29	71.46	85.62	39.02	 4.46	-9.66
 6	57	54	70.79	 0.99	 0.49	 0.40	 0.34	64.96	70.78	86.40	38.74	 4.04	-10.88
 6	59	12	72.24	 0.99	 0.49	 0.36	 0.34	69.55	71.24	84.71	39.06	 4.63	-9.17
 7	 0	31	70.84	 0.99	 0.50	 0.37	 0.33	67.02	70.21	84.38	38.78	 4.36	-9.39
 7	 1	50	73.17	 0.99	 0.48	 0.37	 0.34	70.97	71.74	86.56	39.60	 5.46	-9.64
 7	 3	 9	73.69	 0.99	 0.46	 0.37	 0.34	71.60	72.21	87.00	39.70	 5.36	-9.91
 7	 4	29	74.96	 0.99	 0.44	 0.38	 0.35	73.44	73.26	87.83	40.49	 5.30	-10.20
 7	 5	49	62.57	 0.99	 0.47	 0.37	 0.31	57.78	61.88	78.79	35.00	 4.53	-9.88
 7	 7	 9	73.72	 0.99	 0.48	 0.35	 0.34	73.62	71.65	84.78	39.74	 6.02	-8.19
 7	 8	28	235.61	 0.97	 0.28	 0.05	 0.95	240.61	231.94	241.32	96.50	 2.43	-1.81
 7	 9	48	69.63	 0.99	 0.51	 0.39	 0.34	65.29	68.75	85.66	39.67	 5.39	-9.36
 7	11	 8	72.85	 0.99	 0.51	 0.39	 0.35	70.72	71.22	86.82	41.33	 6.27	-8.01
 7	12	28	79.42	 0.99	 0.47	 0.43	 0.37	82.49	76.25	87.52	44.33	 8.44	-3.87
 7	13	47	81.37	 0.99	 0.45	 0.52	 0.37	88.96	77.43	81.48	45.74	 9.73	 2.52
 7	15	 6	72.75	 0.99	 0.42	 0.34	 0.33	73.93	70.54	80.81	39.99	 6.24	-4.36
 7	16	27	103.17	 0.98	 0.44	 0.33	 0.45	109.34	99.33	106.45	56.26	 7.32	-1.99
 7	17	47	 5.03	 0.98	 0.17	 0.15	 0.03	 4.26	 4.85	 7.94	 8.48	 0.88	-3.56
 7	19	 7	79.94	 0.99	 0.38	 0.35	 0.35	84.51	77.02	82.76	43.05	 6.73	-1.22
 7	20	26	52.89	 0.99	 0.33	 0.25	 0.23	55.45	51.04	55.52	29.64	 4.60	-0.27
 7	21	46	67.89	 0.99	 0.34	 0.26	 0.29	70.16	66.14	70.87	36.91	 4.26	-0.43
 7	23	 7	73.78	 0.99	 0.36	 0.34	 0.32	78.18	70.92	76.72	40.39	 6.78	-0.61
 7	24	28	77.10	 0.99	 0.31	 0.28	 0.33	79.91	75.32	78.78	41.61	 4.28	-0.01
 7	25	49	74.42	 0.99	 0.38	 0.31	 0.33	77.87	71.85	78.35	40.59	 6.11	-1.70
 7	27	 9	64.91	 0.99	 0.34	 0.33	 0.29	69.00	62.38	66.99	37.49	 5.92	 1.65
 7	28	30	71.51	 0.99	 0.44	 0.49	 0.34	77.05	67.48	77.64	41.51	 9.56	-0.51
 7	29	51	74.79	 0.99	 0.42	 0.39	 0.33	80.25	71.48	77.37	41.14	 8.02	 0.03
 7	31	13	73.93	 0.99	 0.43	 0.41	 0.33	79.29	70.32	78.25	41.22	 8.79	-1.16
 7	32	33	56.26	 0.99	 0.35	 0.34	 0.25	59.71	53.97	58.87	32.99	 6.01	 1.06
 7	33	54	72.59	 0.99	 0.28	 0.35	 0.31	75.97	70.95	72.10	39.87	 4.40	 2.89
 7	35	16	68.99	 0.99	 0.34	 0.33	 0.30	72.60	67.05	69.41	38.37	 4.96	 2.21
 7	36	38	72.85	 0.99	 0.26	 0.31	 0.31	75.75	71.40	72.68	39.10	 3.73	 2.28
 7	37	59	70.73	 0.99	 0.26	 0.28	 0.30	72.49	69.54	72.14	37.82	 3.29	 0.74
 7	39	20	68.43	 0.99	 0.35	 0.29	 0.30	70.68	66.62	71.70	36.99	 4.80	-0.43
 7	40	42	74.60	 0.99	 0.39	 0.36	 0.33	77.06	72.21	80.12	41.31	 6.24	-1.40
 7	42	 4	48.01	 0.99	 0.24	 0.19	 0.20	49.54	47.07	48.91	27.20	 2.70	 0.18
 7	43	26	65.35	 0.99	 0.23	 0.26	 0.28	66.37	64.60	66.55	35.51	 2.50	 1.37
 7	44	47	74.13	 0.99	 0.40	 0.38	 0.33	78.28	71.17	78.22	40.94	 7.37	-0.43
 7	46	 8	59.94	 0.99	 0.35	 0.29	 0.27	60.91	58.44	65.13	33.35	 4.50	-1.27
 7	47	30	71.52	 0.99	 0.32	 0.31	 0.30	74.85	69.58	72.60	38.79	 5.00	 0.79
 7	48	52	76.21	 0.99	 0.43	 0.38	 0.34	80.23	73.19	81.00	42.40	 7.50	-1.31
 7	50	14	87.51	 0.99	 0.42	 0.45	 0.39	93.85	84.08	88.62	48.23	 8.40	 1.09
 7	51	37	81.00	 0.99	 0.42	 0.49	 0.37	87.47	76.81	85.17	45.49	10.13	-0.37
 7	52	59	61.61	 0.99	 0.34	 0.37	 0.28	64.39	59.45	65.30	36.64	 5.70	 1.26
 7	54	22	80.21	 0.99	 0.43	 0.52	 0.38	85.07	76.52	86.46	46.89	 9.80	 0.06
 7	55	43	73.88	 0.99	 0.57	 0.46	 0.36	73.33	71.30	88.27	43.80	 8.48	-6.66
 7	57	 6	84.88	 0.99	 0.54	 0.50	 0.39	91.85	80.21	90.46	47.78	11.51	-1.90
 7	58	28	73.97	 0.99	 0.47	 0.48	 0.36	77.76	70.51	81.58	42.90	 9.06	-1.46
 7	59	50	83.97	 0.99	 0.47	 0.53	 0.40	92.13	78.84	88.90	48.12	12.20	-0.15
 8	 1	12	82.56	 0.99	 0.53	 0.53	 0.40	89.98	77.56	88.81	47.49	12.21	-1.00
 8	 2	34	81.24	 0.99	 0.54	 0.55	 0.40	87.63	76.42	89.37	47.75	12.25	-1.39
 8	 3	57	81.78	 0.99	 0.54	 0.54	 0.41	88.03	76.90	90.54	49.15	12.20	-1.14
 8	 5	20	81.59	 0.99	 0.54	 0.41	 0.39	80.06	79.99	93.72	47.76	 6.78	-5.64
 8	 6	42	80.38	 0.99	 0.51	 0.40	 0.38	78.39	79.08	91.98	45.48	 6.15	-6.16
 8	 8	 5	80.88	 0.99	 0.50	 0.42	 0.38	79.18	79.48	92.39	45.68	 6.56	-5.81
 8	 9	28	83.42	 0.99	 0.53	 0.45	 0.40	83.52	81.30	93.95	48.36	 7.79	-4.23
 8	10	52	79.41	 0.99	 0.49	 0.39	 0.37	77.15	78.07	92.01	44.94	 5.74	-7.00
 8	12	15	58.09	 0.99	 0.46	 0.37	 0.28	58.53	55.47	70.33	34.14	 6.90	-5.89
 8	13	40	89.85	 0.99	 0.48	 0.47	 0.43	91.84	87.48	96.68	52.34	 8.03	-0.57
 8	15	 4	73.05	 0.99	 0.58	 0.50	 0.35	77.03	69.23	82.27	43.47	 9.75	-3.12
 8	16	28	84.76	 0.99	 0.55	 0.53	 0.41	89.27	80.85	92.94	48.48	11.00	-2.25
 8	17	53	84.32	 0.99	 0.57	 0.49	 0.41	88.68	80.10	94.54	49.25	11.11	-4.11
 8	19	17	83.73	 0.99	 0.55	 0.51	 0.41	86.14	80.48	94.00	48.91	10.08	-3.42
 8	20	42	84.95	 0.99	 0.56	 0.52	 0.41	90.00	80.59	94.12	49.03	11.56	-3.21
 8	22	 8	79.74	 0.99	 0.56	 0.54	 0.40	79.67	77.18	92.89	47.31	 9.72	-4.41
 8	23	32	85.97	 0.99	 0.59	 0.49	 0.42	91.05	81.50	95.58	50.64	11.46	-3.45
 8	24	57	83.85	 0.99	 0.60	 0.52	 0.42	87.38	79.76	95.63	50.28	11.45	-3.94
 8	26	22	83.27	 0.99	 0.58	 0.50	 0.42	84.51	80.13	96.13	50.58	 9.88	-4.00
 8	27	49	83.53	 0.99	 0.60	 0.52	 0.42	86.45	79.62	95.94	50.36	11.21	-4.06
 8	29	14	83.32	 0.99	 0.58	 0.50	 0.42	84.75	80.11	95.98	50.39	10.00	-3.91
 8	30	40	81.91	 0.99	 0.57	 0.55	 0.41	85.15	77.91	93.86	48.16	11.90	-3.82
 8	32	 5	84.51	 0.98	 0.59	 0.52	 0.43	88.13	80.37	96.24	50.85	11.55	-3.51
 8	33	30	253.83	 0.89	 0.07	 0.00	 1.00	254.26	253.56	253.97	99.81	 0.14	-0.05
 8	34	55	74.89	 0.99	 0.54	 0.43	 0.38	66.84	75.44	93.06	44.57	 4.61	-9.28
 8	36	21	254.34	 0.87	 0.05	 0.00	 1.00	254.52	254.22	254.35	99.89	 0.06	-0.01
 8	37	48	89.00	 0.99	 0.55	 0.53	 0.44	95.77	83.92	97.35	51.99	12.61	-1.65
 8	39	14	94.11	 0.98	 0.52	 0.51	 0.45	103.29	88.48	98.94	54.04	12.77	 0.32
 8	40	40	63.60	 0.99	 0.44	 0.43	 0.31	67.04	60.26	71.52	38.25	 8.02	-1.50
 8	42	 5	73.77	 0.99	 0.48	 0.38	 0.36	71.38	72.28	87.64	42.22	 6.03	-7.09
 8	43	30	91.49	 0.99	 0.44	 0.33	 0.40	93.17	89.21	98.74	50.65	 5.88	-4.10
 8	44	55	230.35	 0.97	 0.21	 0.08	 0.95	241.69	225.46	225.80	95.49	 3.00	 1.07
 8	46	22	75.52	 0.99	 0.33	 0.32	 0.33	77.40	73.80	79.33	41.79	 4.75	-1.06
 8	47	48	63.87	 0.99	 0.44	 0.35	 0.31	63.22	61.91	75.71	36.17	 5.85	-5.70
 8	49	13	83.76	 0.99	 0.44	 0.56	 0.41	93.20	78.10	88.25	49.34	12.80	 1.72
 8	50	39	88.88	 0.99	 0.48	 0.37	 0.40	89.41	87.06	96.59	50.01	 6.35	-3.77
 8	52	 5	85.03	 0.99	 0.53	 0.42	 0.40	84.68	83.07	95.89	49.47	 7.41	-4.73
 8	53	32	94.10	 0.98	 0.47	 0.50	 0.46	102.39	88.89	99.24	55.41	11.14	 1.16
 8	54	59	85.81	 0.99	 0.54	 0.45	 0.39	91.93	81.60	91.24	48.16	10.01	-2.33
 8	56	25	87.39	 0.99	 0.36	 0.51	 0.41	95.95	82.76	88.80	51.27	10.04	 3.57
 8	57	53	88.22	 0.99	 0.44	 0.44	 0.41	89.32	86.38	94.79	50.53	 6.61	-0.87
 8	59	18	90.96	 0.99	 0.55	 0.41	 0.41	97.43	86.49	96.97	51.58	10.05	-2.76
 9	 0	45	72.67	 0.99	 0.43	 0.38	 0.34	73.95	69.95	82.99	41.35	 7.21	-4.87
 9	 2	14	80.45	 0.99	 0.48	 0.59	 0.42	87.39	75.16	89.44	48.80	13.16	 0.28
 9	 3	40	83.11	 0.99	 0.45	 0.57	 0.42	90.74	77.85	90.14	50.33	12.38	 1.63
 9	 5	 7	75.82	 0.99	 0.51	 0.50	 0.37	79.27	72.06	85.76	44.07	10.15	-3.12
 9	 6	35	46.02	 0.99	 0.33	 0.30	 0.21	45.87	44.80	52.45	27.76	 4.08	-2.24
 9	 8	 2	82.16	 0.99	 0.32	 0.54	 0.39	90.08	78.13	82.29	48.42	 9.28	 5.06
 9	 9	30	91.50	 0.99	 0.23	 0.49	 0.42	96.89	89.16	89.44	52.64	 5.82	 6.32
 9	10	58	80.91	 0.99	 0.28	 0.50	 0.37	84.02	79.13	82.11	47.73	 5.11	 4.81
 9	12	26	77.23	 0.99	 0.28	 0.49	 0.36	81.77	74.85	77.39	44.94	 6.07	 4.55
 9	13	53	69.89	 0.99	 0.34	 0.34	 0.32	71.15	68.04	75.86	38.97	 5.29	-1.09
 9	15	21	70.98	 0.99	 0.38	 0.45	 0.34	74.94	68.03	75.70	41.85	 7.30	 0.94
 9	16	48	84.87	 0.99	 0.41	 0.49	 0.41	88.21	82.04	90.64	50.36	 7.54	 1.20
 9	18	16	81.15	 0.99	 0.30	 0.54	 0.38	88.62	77.36	81.24	48.80	 8.75	 4.81
 9	19	45	79.29	 0.99	 0.50	 0.45	 0.37	80.82	76.73	88.21	46.12	 7.60	-2.80
 9	21	13	76.16	 0.99	 0.50	 0.46	 0.37	77.41	73.24	87.61	44.32	 8.64	-4.53
 9	22	42	90.29	 0.99	 0.41	 0.56	 0.45	102.39	83.64	92.77	52.26	14.23	 3.29
 9	24	10	79.61	 0.99	 0.27	 0.48	 0.36	82.90	77.86	80.17	46.44	 4.82	 4.34
 9	25	39	72.51	 0.99	 0.28	 0.46	 0.34	75.26	70.62	74.88	43.22	 5.23	 3.01
 9	27	 8	82.55	 0.99	 0.30	 0.49	 0.38	86.26	80.37	84.02	47.90	 6.00	 3.56
 9	28	36	91.01	 0.99	 0.50	 0.43	 0.42	95.20	87.49	98.11	51.65	 8.88	-2.63
 9	30	 4	88.42	 0.99	 0.47	 0.56	 0.45	96.45	83.17	94.45	52.20	12.61	 1.39
 9	31	33	89.46	 0.98	 0.47	 0.55	 0.45	98.10	83.83	95.80	53.08	12.54	 1.51
 9	33	 3	48.02	 0.99	 0.29	 0.31	 0.21	51.59	45.98	48.93	28.94	 5.43	 1.63
 9	34	32	67.42	 0.99	 0.26	 0.35	 0.29	70.51	66.03	66.39	38.81	 3.83	 3.80
 9	36	 1	68.77	 0.99	 0.36	 0.38	 0.32	69.86	66.93	75.08	40.31	 5.25	-0.59
 9	37	31	79.24	 0.99	 0.40	 0.47	 0.37	82.32	76.77	83.79	45.92	 6.80	 0.37
 9	39	 1	74.96	 0.99	 0.48	 0.43	 0.36	75.40	72.45	86.40	43.21	 7.49	-5.11
 9	40	32	79.51	 0.99	 0.53	 0.42	 0.38	75.51	78.66	94.23	45.89	 5.94	-7.63
 9	42	 2	80.03	 0.99	 0.55	 0.43	 0.38	77.96	78.18	94.87	45.48	 7.28	-8.46
 9	43	32	91.49	 0.99	 0.55	 0.54	 0.45	99.46	86.12	98.21	52.92	12.94	-0.46
 9	45	 3	88.40	 0.99	 0.54	 0.55	 0.45	95.50	83.12	96.91	51.67	12.99	-1.32
 9	46	35	72.62	 0.99	 0.47	 0.48	 0.35	75.18	69.23	82.88	42.55	 8.69	-3.73
 9	48	 5	81.18	 0.99	 0.52	 0.42	 0.39	78.25	79.93	95.17	46.42	 6.27	-7.43
 9	49	35	78.53	 0.99	 0.54	 0.41	 0.38	73.42	77.86	95.38	45.50	 5.04	-9.96
 9	51	 6	89.59	 0.99	 0.52	 0.55	 0.45	97.27	84.20	97.10	51.82	13.03	-0.80
 9	52	37	88.78	 0.99	 0.53	 0.56	 0.45	96.37	83.42	96.39	52.43	12.82	 0.06
 9	54	 8	87.06	 0.98	 0.51	 0.56	 0.45	93.61	82.09	95.48	51.72	12.42	-0.15
 9	55	39	95.42	 0.98	 0.50	 0.53	 0.48	107.02	88.76	99.27	55.87	13.23	 2.14
 9	57	12	83.02	 0.99	 0.51	 0.48	 0.39	87.83	78.77	92.03	47.44	10.41	-3.33
 9	58	43	95.03	 0.98	 0.40	 0.50	 0.46	102.82	90.48	97.95	55.15	 9.94	 2.94
10	 0	15	54.27	 0.99	 0.27	 0.31	 0.24	55.95	53.06	56.00	32.22	 3.75	 1.71
10	 1	46	67.69	 0.99	 0.30	 0.25	 0.29	68.16	66.76	71.06	36.41	 2.99	-1.19
10	 3	16	67.27	 0.99	 0.35	 0.39	 0.30	70.84	64.85	70.02	39.32	 6.06	 1.05
10	 4	48	77.25	 0.99	 0.43	 0.52	 0.38	79.95	74.23	85.45	45.76	 8.33	-0.44
10	 6	18	89.55	 0.98	 0.48	 0.51	 0.44	95.74	85.20	95.69	52.78	10.43	 0.36
10	 7	49	75.41	 0.99	 0.51	 0.52	 0.38	78.43	71.81	86.02	46.02	 9.54	-2.50
10	 9	20	76.92	 0.99	 0.52	 0.56	 0.39	83.43	71.74	86.58	46.62	11.86	-1.58
10	10	52	224.86	 0.97	 0.39	 0.11	 0.94	239.29	217.52	224.80	94.28	 4.82	-0.39
10	12	24	82.45	 0.99	 0.53	 0.42	 0.40	79.65	81.12	96.46	47.63	 6.46	-7.20
10	13	55	81.99	 0.99	 0.47	 0.56	 0.41	89.30	76.94	88.69	47.90	11.99	-0.05
10	15	28	87.05	 0.99	 0.41	 0.48	 0.41	92.73	83.33	91.39	51.39	 8.34	 1.55
10	17	 1	62.86	 0.99	 0.33	 0.40	 0.29	64.28	61.33	66.80	38.76	 4.41	 1.53
10	18	33	70.78	 0.99	 0.35	 0.40	 0.32	73.08	68.66	75.43	40.98	 5.77	-0.12
10	20	 6	86.07	 0.99	 0.34	 0.51	 0.41	87.83	84.37	90.26	50.10	 5.88	 2.70
10	21	40	95.60	 0.98	 0.53	 0.50	 0.46	105.33	89.68	100.51	54.56	12.68	-0.07
10	23	13	81.28	 0.99	 0.51	 0.52	 0.40	86.07	77.02	90.62	48.14	10.57	-2.06
10	24	45	66.85	 0.99	 0.41	 0.53	 0.33	71.00	63.46	73.36	41.68	 8.25	 0.10
10	26	18	75.08	 0.99	 0.44	 0.52	 0.37	78.57	71.75	82.82	44.85	 8.32	-0.63
10	27	53	85.36	 0.99	 0.42	 0.51	 0.40	91.30	81.58	89.32	49.48	 8.74	 1.59
10	29	27	44.57	 0.99	 0.31	 0.26	 0.20	44.76	43.38	50.33	27.98	 3.62	-1.84
10	31	 1	81.71	 0.99	 0.44	 0.52	 0.39	87.52	78.10	84.96	46.98	 8.54	 1.63
10	32	34	86.86	 0.99	 0.50	 0.55	 0.43	94.01	81.95	93.41	50.72	11.40	 0.21
10	34	 6	84.89	 0.99	 0.52	 0.57	 0.44	92.68	79.19	93.75	50.43	13.09	-0.88
10	35	39	82.30	 0.99	 0.56	 0.56	 0.42	88.13	77.24	93.03	49.44	12.16	-2.35
10	37	12	81.70	 0.98	 0.55	 0.56	 0.43	86.98	76.71	93.57	50.01	12.04	-2.51
10	38	47	82.06	 0.98	 0.52	 0.55	 0.43	86.39	77.59	93.71	50.41	11.00	-1.77
10	40	21	95.64	 0.98	 0.55	 0.50	 0.47	103.32	90.45	102.30	55.48	11.41	-0.85
10	41	56	93.99	 0.99	 0.57	 0.54	 0.47	102.59	88.32	100.74	53.50	13.11	-1.42
10	43	31	79.52	 0.99	 0.55	 0.48	 0.40	79.65	76.52	94.41	45.92	 8.89	-7.85
10	45	 4	88.56	 0.99	 0.53	 0.56	 0.45	97.51	82.60	95.71	51.90	13.31	-0.47
10	46	40	79.54	 0.99	 0.52	 0.45	 0.39	75.38	78.60	95.24	45.84	 6.01	-8.37
10	48	15	94.91	 0.99	 0.55	 0.48	 0.45	99.95	90.91	102.14	53.59	10.40	-2.48
10	49	51	77.25	 0.99	 0.58	 0.47	 0.39	74.72	75.24	94.16	45.79	 7.78	-8.51
10	51	26	88.37	 0.99	 0.58	 0.53	 0.44	92.01	84.49	98.79	51.05	10.83	-3.60
10	52	60	94.96	 0.98	 0.58	 0.52	 0.47	103.09	89.41	102.20	54.09	12.85	-2.07
10	54	36	95.37	 0.99	 0.56	 0.52	 0.47	103.75	89.76	102.21	54.05	12.84	-1.82
10	56	13	90.13	 0.99	 0.54	 0.54	 0.45	97.58	84.77	98.21	51.75	12.62	-1.82
10	57	47	87.81	 0.99	 0.56	 0.54	 0.44	94.06	82.79	97.19	51.57	12.20	-2.02
10	59	22	82.76	 0.99	 0.59	 0.55	 0.42	86.71	78.35	94.94	49.31	11.71	-3.84
11	 0	58	87.41	 0.98	 0.56	 0.53	 0.44	93.66	82.29	97.31	51.87	11.99	-2.40
11	 2	33	86.29	 0.99	 0.57	 0.55	 0.44	91.95	81.38	96.70	51.19	12.11	-2.51
11	 4	 8	85.84	 0.98	 0.55	 0.54	 0.44	89.97	81.67	96.44	51.03	10.90	-2.43
11	 5	44	100.14	 0.98	 0.52	 0.48	 0.48	107.16	95.69	104.62	56.47	10.47	-0.30
11	 7	21	86.44	 0.99	 0.54	 0.54	 0.44	90.86	82.20	96.68	51.38	11.02	-2.16
11	 8	56	227.29	 0.97	 0.39	 0.08	 0.94	238.45	221.60	227.25	94.87	 3.64	-0.30
11	10	32	93.19	 0.99	 0.50	 0.52	 0.46	101.55	87.77	99.10	53.80	11.83	-0.18
11	12	10	82.84	 0.99	 0.48	 0.56	 0.42	89.80	77.88	89.97	48.39	11.74	-0.23
11	13	48	78.94	 0.99	 0.57	 0.46	 0.39	77.79	76.38	95.02	45.18	 8.16	-9.26
11	15	26	91.30	 0.99	 0.57	 0.55	 0.46	98.83	85.92	99.15	52.36	12.99	-1.66
11	17	 2	95.07	 0.98	 0.56	 0.52	 0.47	103.58	89.42	101.82	54.35	12.69	-1.38
11	18	40	78.44	 0.99	 0.59	 0.47	 0.39	77.60	75.79	94.22	45.56	 8.73	-8.54
11	20	15	95.91	 0.98	 0.56	 0.53	 0.47	105.08	90.06	102.05	54.43	13.19	-1.09
11	21	50	88.87	 0.99	 0.60	 0.52	 0.44	93.94	84.33	98.95	50.99	11.74	-4.02
11	23	27	94.43	 0.98	 0.58	 0.52	 0.46	102.39	89.00	101.52	53.86	12.59	-1.83
11	25	 4	103.62	 0.98	 0.48	 0.47	 0.49	110.83	99.40	106.42	57.63	10.05	 0.59
11	26	42	102.23	 0.98	 0.52	 0.47	 0.49	110.83	97.16	105.80	57.76	10.65	 0.26
11	28	18	83.60	 0.99	 0.60	 0.46	 0.41	84.44	80.42	97.63	48.19	 9.32	-7.60
11	29	57	89.42	 0.99	 0.51	 0.55	 0.45	97.76	83.69	96.99	51.79	13.09	-0.95
11	31	34	84.74	 0.99	 0.56	 0.56	 0.44	90.87	79.63	94.88	50.53	12.18	-2.20
11	33	13	86.19	 0.98	 0.54	 0.55	 0.45	93.07	80.79	95.87	51.77	12.44	-1.41
11	34	52	85.55	 0.99	 0.53	 0.58	 0.44	92.85	80.06	94.60	50.42	13.14	-1.17
11	36	31	88.73	 0.99	 0.49	 0.53	 0.44	96.30	83.64	95.04	51.65	11.63	-0.38
11	38	 8	77.78	 0.99	 0.44	 0.53	 0.39	83.67	73.39	84.72	45.63	10.23	-0.53
11	39	46	84.17	 0.99	 0.41	 0.52	 0.42	87.01	81.39	90.99	49.92	 7.76	 1.11
11	41	27	86.74	 0.99	 0.58	 0.49	 0.42	91.38	82.34	97.10	50.67	10.95	-3.68
11	43	 8	59.27	 0.99	 0.36	 0.42	 0.28	63.51	56.39	62.69	36.43	 6.85	 1.36
11	44	48	40.60	 0.99	 0.19	 0.24	 0.17	41.45	40.07	41.15	26.11	 2.69	 1.77
11	46	28	76.28	 0.99	 0.31	 0.43	 0.34	80.66	74.10	75.90	43.84	 5.21	 3.61
11	48	 6	77.09	 0.99	 0.37	 0.51	 0.37	82.00	73.84	81.03	45.84	 7.85	 2.04
11	49	45	65.77	 0.99	 0.28	 0.39	 0.30	67.91	64.17	68.20	38.90	 4.54	 1.81
11	51	24	55.14	 0.99	 0.26	 0.30	 0.24	57.98	53.78	54.66	32.26	 3.78	 3.10
11	53	 3	67.51	 0.99	 0.28	 0.39	 0.30	70.45	65.86	68.18	39.76	 4.30	 3.16
11	54	44	77.72	 0.99	 0.23	 0.42	 0.34	82.09	75.81	76.00	43.91	 4.72	 4.39
11	56	26	45.84	 0.99	 0.18	 0.25	 0.19	47.53	45.19	44.80	27.97	 2.88	 3.04
11	58	 6	52.19	 0.99	 0.22	 0.23	 0.22	53.21	51.66	52.28	29.85	 2.42	 1.89
11	59	44	63.46	 0.99	 0.19	 0.34	 0.27	66.86	62.29	60.50	36.46	 3.51	 5.10
12	 1	23	66.23	 0.99	 0.20	 0.36	 0.28	70.25	64.87	62.58	38.29	 3.55	 5.65
12	 3	 3	65.97	 0.99	 0.19	 0.33	 0.28	69.32	64.77	63.30	37.20	 3.37	 4.81
12	 4	45	42.39	 0.99	 0.17	 0.25	 0.18	43.58	42.02	41.19	28.01	 2.35	 3.37
12	 6	25	78.63	 0.99	 0.19	 0.35	 0.33	82.41	77.24	75.82	43.36	 3.37	 4.47
12	 8	 6	42.36	 0.99	 0.19	 0.19	 0.17	43.11	42.04	42.12	25.76	 1.82	 1.32
12	 9	47	52.25	 0.99	 0.21	 0.25	 0.22	53.41	51.73	51.99	30.52	 2.51	 2.39
12	11	28	49.09	 0.99	 0.18	 0.23	 0.20	50.26	48.63	48.55	28.49	 2.21	 1.94
12	13	10	74.09	 0.99	 0.18	 0.36	 0.31	78.14	72.70	70.59	40.82	 3.44	 5.39
12	14	52	65.83	 0.99	 0.19	 0.32	 0.28	68.79	64.77	63.55	36.87	 3.17	 4.41
12	16	34	66.16	 0.99	 0.19	 0.35	 0.28	70.09	64.88	62.47	38.37	 3.39	 5.54
12	18	17	67.68	 0.99	 0.21	 0.36	 0.29	71.84	66.31	63.78	39.45	 3.61	 5.53
12	19	59	71.28	 0.99	 0.22	 0.37	 0.30	75.05	69.90	68.42	40.64	 3.54	 4.98
12	21	39	69.36	 0.99	 0.30	 0.35	 0.30	72.42	67.48	70.83	38.79	 5.25	 1.43
12	23	22	65.58	 0.99	 0.38	 0.40	 0.30	70.06	62.47	69.53	37.72	 7.80	 0.17
12	25	 3	71.32	 0.99	 0.37	 0.42	 0.32	76.32	68.22	73.91	41.06	 7.24	 1.29
12	26	43	69.94	 0.99	 0.30	 0.37	 0.30	73.53	68.18	69.43	39.60	 4.54	 3.09
12	28	23	43.76	 0.99	 0.21	 0.25	 0.19	44.96	43.06	44.27	28.26	 2.96	 2.62
12	30	 7	78.49	 0.99	 0.21	 0.41	 0.34	83.33	76.76	74.65	43.63	 4.08	 5.76
12	31	50	68.47	 0.99	 0.27	 0.33	 0.30	70.18	67.03	71.35	38.74	 4.07	 0.96
12	33	34	81.02	 0.99	 0.37	 0.45	 0.37	84.70	78.24	85.62	46.52	 7.00	 1.08
12	35	18	75.82	 0.99	 0.33	 0.40	 0.34	77.08	74.25	80.63	44.90	 4.45	 0.59
12	36	60	69.28	 0.99	 0.27	 0.40	 0.31	73.30	67.26	69.07	40.11	 5.06	 3.45
12	38	43	65.17	 0.99	 0.31	 0.36	 0.29	68.54	62.97	67.46	36.82	 6.06	 1.15
12	40	23	49.74	 0.99	 0.27	 0.26	 0.21	51.49	48.63	50.97	28.78	 3.53	 0.96
12	42	 5	72.89	 0.99	 0.22	 0.32	 0.31	75.81	71.43	72.65	39.33	 3.99	 2.26
12	43	49	55.48	 0.99	 0.24	 0.23	 0.23	56.49	54.87	56.00	30.97	 2.56	 1.47
12	45	33	67.37	 0.99	 0.19	 0.29	 0.28	69.97	66.31	65.98	36.80	 3.12	 3.40
12	47	16	65.36	 0.99	 0.24	 0.30	 0.28	67.98	64.08	65.01	36.48	 3.59	 2.88
12	48	58	56.85	 0.99	 0.28	 0.31	 0.25	58.15	55.64	59.60	33.18	 3.89	 1.23
12	50	44	57.29	 0.99	 0.35	 0.36	 0.26	59.80	55.10	61.78	33.91	 6.09	-0.11
12	52	28	70.88	 0.99	 0.27	 0.30	 0.30	73.78	69.50	70.24	39.40	 3.51	 2.49
12	54	13	221.12	 0.97	 0.13	 0.07	 0.89	227.81	218.74	215.80	93.78	 1.49	 1.63
12	55	54	77.36	 0.99	 0.24	 0.32	 0.33	80.29	75.96	76.81	42.09	 3.39	 2.63
12	57	40	38.56	 0.99	 0.20	 0.26	 0.17	40.26	37.76	38.26	26.65	 3.18	 3.62
12	59	25	65.70	 0.99	 0.23	 0.31	 0.28	68.24	64.66	64.38	37.81	 2.95	 3.55
13	 1	12	44.01	 0.99	 0.21	 0.20	 0.18	44.33	43.69	44.76	26.17	 2.04	 0.60
13	 2	59	67.00	 0.99	 0.23	 0.28	 0.29	68.29	65.95	68.90	36.59	 3.25	 1.26
13	 4	45	74.75	 0.99	 0.33	 0.40	 0.34	76.97	72.63	79.74	42.69	 5.54	 0.67
13	 6	31	75.71	 0.99	 0.29	 0.41	 0.34	78.99	73.87	76.50	42.97	 4.64	 3.16
13	 8	19	68.44	 0.99	 0.20	 0.33	 0.29	71.38	67.27	66.63	38.67	 3.37	 4.11
13	10	 4	43.06	 0.99	 0.17	 0.18	 0.18	43.66	42.83	42.70	25.62	 1.57	 1.20
13	11	49	63.81	 0.99	 0.20	 0.30	 0.27	66.02	62.94	62.52	35.79	 2.86	 3.55
13	13	32	60.05	 0.99	 0.19	 0.31	 0.25	62.68	59.13	57.91	34.92	 3.04	 4.38
13	15	19	65.16	 0.99	 0.19	 0.32	 0.27	68.26	64.12	62.39	37.41	 2.94	 4.83
13	17	 4	73.61	 0.99	 0.19	 0.32	 0.31	76.43	72.47	72.05	40.76	 3.13	 3.54
13	18	50	49.03	 0.99	 0.21	 0.18	 0.20	49.79	48.59	49.38	27.18	 1.98	 0.34
13	20	33	60.97	 0.99	 0.22	 0.25	 0.25	62.32	60.19	61.46	33.24	 2.88	 1.48
13	22	19	59.30	 0.99	 0.20	 0.26	 0.25	60.21	58.74	59.81	33.04	 2.45	 1.84
13	24	 4	65.88	 0.99	 0.20	 0.31	 0.28	68.08	64.71	66.07	36.55	 3.54	 2.69
13	25	52	71.38	 0.99	 0.25	 0.32	 0.30	74.36	69.89	71.11	38.61	 3.94	 2.52
13	27	40	65.69	 0.99	 0.19	 0.30	 0.27	67.65	64.95	64.33	36.64	 2.50	 3.63
13	29	24	62.23	 0.99	 0.19	 0.29	 0.26	64.10	61.52	61.00	35.09	 2.54	 3.44
13	31	10	68.38	 0.99	 0.20	 0.34	 0.29	71.33	67.40	65.67	38.89	 2.70	 4.91
13	32	58	73.42	 0.99	 0.18	 0.35	 0.31	76.45	72.38	70.83	41.08	 2.79	 4.74
13	34	45	48.14	 0.99	 0.17	 0.23	 0.20	48.72	48.00	47.45	28.51	 1.54	 2.23
13	36	32	75.08	 0.99	 0.20	 0.33	 0.31	77.76	73.95	73.84	41.47	 3.07	 3.36
13	38	20	69.10	 0.99	 0.20	 0.31	 0.29	71.65	68.11	67.38	38.16	 2.86	 3.95
13	40	 4	74.35	 0.99	 0.20	 0.32	 0.31	77.28	73.17	72.67	40.57	 3.08	 3.83
13	41	51	59.18	 0.99	 0.23	 0.24	 0.25	60.27	58.47	60.03	32.38	 2.83	 1.41
13	43	35	58.27	 0.99	 0.23	 0.24	 0.24	59.45	57.61	58.69	31.91	 2.70	 1.49
13	45	21	63.15	 0.99	 0.20	 0.27	 0.26	64.95	62.39	62.31	34.74	 2.73	 2.88
13	47	 8	58.14	 0.99	 0.22	 0.29	 0.25	58.71	57.39	60.45	33.21	 2.95	 1.30
13	48	57	68.03	 0.99	 0.36	 0.45	 0.32	70.97	65.40	73.69	40.51	 6.91	 0.49
13	50	46	80.62	 0.99	 0.32	 0.56	 0.41	86.09	77.04	84.62	47.84	 8.39	 3.35
13	52	33	82.83	 0.99	 0.48	 0.54	 0.41	91.66	77.23	88.45	48.52	12.62	 0.25
13	54	22	81.52	 0.99	 0.43	 0.53	 0.40	88.81	76.55	87.81	47.32	11.44	 0.01
13	56	10	45.63	 0.99	 0.19	 0.29	 0.20	47.97	44.44	45.57	28.65	 4.01	 2.56
13	57	59	64.47	 0.99	 0.27	 0.41	 0.30	68.26	62.39	65.08	38.85	 5.17	 3.51
13	59	50	79.55	 0.99	 0.49	 0.51	 0.40	82.26	76.21	89.55	47.46	 8.89	-1.80
14	 1	39	54.73	 0.99	 0.32	 0.43	 0.27	59.17	51.85	57.78	33.84	 7.01	 1.39
14	 3	28	71.36	 0.99	 0.44	 0.42	 0.36	68.24	69.99	86.35	42.61	 5.84	-5.32
14	 5	17	88.96	 0.99	 0.52	 0.57	 0.45	97.85	83.21	95.15	50.62	13.17	-0.42
14	 7	 6	85.62	 0.99	 0.56	 0.57	 0.44	93.59	79.87	94.22	50.47	12.87	-1.41
14	 8	57	86.63	 0.99	 0.54	 0.55	 0.44	95.01	80.82	94.63	50.98	12.53	-1.29
14	10	48	86.33	 0.99	 0.55	 0.56	 0.44	94.82	80.49	94.17	50.62	12.77	-1.33
14	12	34	85.52	 0.99	 0.53	 0.56	 0.43	92.62	80.41	93.21	49.78	11.67	-1.13
14	14	23	85.37	 0.99	 0.54	 0.57	 0.44	93.55	79.60	93.65	50.01	12.73	-1.35
14	16	14	88.87	 0.99	 0.52	 0.55	 0.45	96.83	83.53	95.42	51.38	11.82	-0.71
14	18	 5	87.90	 0.99	 0.52	 0.56	 0.44	98.06	81.72	93.13	50.39	13.16	 0.04
14	19	54	91.65	 0.99	 0.50	 0.53	 0.45	103.36	85.00	95.18	52.44	13.21	 0.62
14	21	46	88.10	 0.99	 0.50	 0.57	 0.44	98.55	81.80	93.08	50.05	13.33	 0.10
14	23	37	40.16	 0.99	 0.32	 0.48	 0.24	39.31	38.11	52.84	31.12	 6.35	-2.31
14	25	27	47.64	 0.99	 0.36	 0.54	 0.27	49.48	44.43	58.94	33.96	 8.28	-1.89
14	27	19	80.27	 0.99	 0.54	 0.59	 0.43	87.95	74.38	90.54	48.54	12.82	-1.54
14	29	12	83.91	 0.99	 0.46	 0.57	 0.43	92.41	78.30	90.39	48.66	12.30	 0.04
14	31	 4	64.24	 0.99	 0.26	 0.40	 0.31	64.63	63.09	69.02	39.05	 4.09	 0.93
14	32	55	82.67	 0.99	 0.41	 0.51	 0.42	80.69	81.99	91.35	48.95	 4.83	-0.07
14	34	47	82.65	 0.99	 0.56	 0.58	 0.44	90.17	76.92	92.52	49.26	12.81	-2.12
14	36	40	81.41	 0.99	 0.52	 0.58	 0.43	89.03	75.71	90.54	47.15	12.84	-2.11
14	38	32	78.08	 0.99	 0.50	 0.48	 0.39	80.59	74.34	90.62	44.56	 9.72	-5.96
14	40	25	75.76	 0.99	 0.53	 0.43	 0.37	74.98	73.31	90.37	43.12	 7.90	-8.13
14	42	17	87.74	 0.99	 0.56	 0.58	 0.45	96.78	81.74	94.90	50.48	13.43	-1.47
14	44	 9	86.43	 0.99	 0.55	 0.58	 0.45	95.69	80.33	93.60	49.89	13.53	-1.26
14	46	 3	83.39	 0.99	 0.52	 0.58	 0.43	90.08	78.26	92.02	48.10	11.97	-1.82
14	47	54	45.06	 0.99	 0.33	 0.46	 0.28	45.04	42.15	60.06	32.70	 7.43	-3.04
14	49	44	79.81	 0.99	 0.52	 0.59	 0.42	86.93	74.18	89.89	46.47	12.86	-2.49
14	51	39	79.48	 0.99	 0.51	 0.58	 0.42	86.42	73.92	89.73	46.38	12.54	-2.52
14	53	31	79.18	 0.99	 0.52	 0.58	 0.42	85.95	73.65	89.68	46.31	12.49	-2.69
14	55	23	79.34	 0.99	 0.51	 0.59	 0.42	86.48	73.71	89.46	46.22	12.69	-2.48
14	57	18	79.55	 0.99	 0.50	 0.58	 0.42	85.82	74.38	89.55	46.36	12.02	-2.29
14	59	12	81.70	 0.99	 0.50	 0.58	 0.43	89.81	75.82	90.58	47.33	12.93	-1.78
15	 1	 3	86.95	 0.99	 0.47	 0.55	 0.44	97.55	80.55	91.95	48.95	13.21	-0.45
15	 2	57	82.50	 0.99	 0.50	 0.57	 0.41	92.56	76.29	88.13	47.30	12.71	-0.45
15	 4	53	80.63	 0.99	 0.50	 0.56	 0.42	85.56	76.29	89.88	46.67	10.71	-2.14
15	 6	51	41.45	 0.99	 0.29	 0.39	 0.26	41.11	39.03	54.89	30.88	 6.55	-2.06
15	 8	45	83.09	 0.99	 0.53	 0.59	 0.43	91.25	77.30	91.35	47.41	12.96	-2.26
15	10	38	82.44	 0.99	 0.52	 0.58	 0.43	90.32	76.72	91.11	47.08	12.67	-2.48
15	12	32	82.50	 0.99	 0.53	 0.57	 0.43	90.33	76.82	91.01	46.94	12.59	-2.55
15	14	27	82.35	 0.99	 0.52	 0.58	 0.43	89.10	77.11	91.34	47.20	12.00	-2.58
15	16	23	82.72	 0.99	 0.52	 0.58	 0.43	90.70	76.97	91.14	47.11	12.73	-2.63
15	18	21	82.21	 0.99	 0.52	 0.58	 0.43	89.89	76.53	91.06	47.01	12.53	-2.62
15	20	16	82.05	 0.99	 0.52	 0.58	 0.43	89.78	76.37	90.84	46.76	12.49	-2.73
15	22	12	82.63	 0.99	 0.52	 0.58	 0.43	90.67	76.88	90.98	47.01	12.73	-2.52
15	24	 6	83.43	 0.99	 0.52	 0.58	 0.44	91.76	77.62	91.35	47.34	12.74	-2.21
15	26	 1	83.92	 0.99	 0.52	 0.57	 0.43	92.66	78.02	91.22	47.38	12.82	-2.13
15	27	56	218.33	 0.98	 0.38	 0.12	 0.92	232.35	211.01	219.28	92.96	 5.07	-0.62
15	29	50	80.26	 0.99	 0.51	 0.58	 0.43	87.95	74.53	89.38	46.31	12.38	-2.38
15	31	46	84.23	 0.99	 0.52	 0.58	 0.44	92.93	78.35	91.53	47.82	12.83	-1.74
15	33	44	71.87	 0.99	 0.48	 0.47	 0.37	73.29	68.37	85.99	42.05	 9.06	-6.09
15	35	40	84.64	 0.99	 0.52	 0.59	 0.44	93.61	78.70	91.55	47.97	13.07	-1.47
15	37	38	85.16	 0.99	 0.51	 0.58	 0.44	94.22	79.20	91.85	48.42	12.99	-1.15
15	39	34	85.58	 0.99	 0.50	 0.59	 0.45	94.91	79.56	92.00	48.75	13.19	-0.61
15	41	32	211.92	 0.98	 0.43	 0.09	 0.87	218.79	206.91	219.64	91.80	 3.77	-2.69
15	43	29	83.13	 0.99	 0.58	 0.44	 0.40	84.60	80.01	95.20	48.04	 8.98	-5.39
15	45	28	68.16	 0.99	 0.35	 0.51	 0.34	73.94	64.59	71.09	41.11	 8.22	 1.68
15	47	25	59.45	 0.99	 0.35	 0.35	 0.28	60.73	57.26	67.24	34.37	 6.33	-2.86
15	49	22	70.04	 0.99	 0.32	 0.52	 0.35	76.16	66.55	71.92	42.83	 7.85	 3.42
15	51	19	69.85	 0.99	 0.34	 0.55	 0.35	76.70	66.04	71.39	42.77	 8.87	 2.98
15	53	18	71.38	 0.99	 0.42	 0.38	 0.33	74.90	68.53	76.57	40.62	 6.81	-0.98
15	55	18	59.78	 0.99	 0.38	 0.37	 0.29	60.94	57.50	68.28	35.50	 6.39	-2.58
15	57	15	82.78	 0.99	 0.52	 0.57	 0.43	90.45	77.31	90.80	48.92	12.29	-0.76
15	59	17	82.77	 0.99	 0.35	 0.57	 0.41	92.35	77.56	84.42	49.39	11.37	 3.41
16	 1	17	70.53	 0.99	 0.48	 0.40	 0.34	67.68	68.77	87.19	39.29	 5.94	-11.13
16	 3	18	197.57	 0.98	 0.43	 0.09	 0.82	203.11	193.40	204.46	88.70	 3.45	-2.53
16	 5	13	82.97	 0.99	 0.45	 0.60	 0.44	93.28	76.54	88.98	49.50	13.94	 1.70
16	 7	12	71.83	 0.99	 0.54	 0.42	 0.35	71.25	69.31	86.13	41.57	 7.78	-7.60
16	 9	11	78.42	 0.99	 0.50	 0.47	 0.39	81.02	74.91	89.49	45.44	 9.28	-4.58
16	11	12	77.03	 0.99	 0.44	 0.60	 0.40	85.73	71.35	83.50	46.34	12.39	 1.09
16	13	13	84.61	 0.99	 0.48	 0.60	 0.44	93.73	78.67	91.20	49.72	13.41	 0.96
16	15	14	89.01	 0.99	 0.47	 0.58	 0.46	99.82	82.52	94.03	52.25	13.62	 1.88
16	17	15	91.40	 0.99	 0.46	 0.57	 0.46	103.08	84.89	94.26	52.59	13.48	 2.68
16	19	17	91.17	 0.98	 0.47	 0.57	 0.46	102.97	84.59	94.07	52.68	13.65	 2.81
16	21	20	93.65	 0.98	 0.48	 0.56	 0.47	105.94	86.93	95.95	53.94	13.77	 3.18
16	23	22	92.30	 0.99	 0.44	 0.58	 0.47	104.51	85.59	94.77	52.90	14.39	 3.40
16	25	27	87.71	 0.99	 0.42	 0.59	 0.45	99.44	81.12	90.90	50.67	14.29	 2.91
16	27	31	83.61	 0.99	 0.37	 0.59	 0.42	95.37	77.35	84.89	48.63	13.62	 4.11
16	29	33	65.68	 0.99	 0.48	 0.38	 0.33	63.04	64.01	81.24	37.50	 6.22	-8.39
16	31	36	69.53	 0.99	 0.52	 0.45	 0.35	67.81	67.33	85.18	41.38	 7.81	-6.72
16	33	40	82.10	 0.99	 0.49	 0.47	 0.39	86.44	78.24	90.31	47.04	 9.91	-2.63
16	35	44	84.61	 0.99	 0.49	 0.45	 0.39	88.64	81.30	91.01	48.25	 8.64	-1.88
16	37	49	89.72	 0.99	 0.41	 0.56	 0.45	99.46	84.20	92.60	52.36	12.22	 3.82
16	39	54	80.58	 0.99	 0.53	 0.50	 0.39	84.05	76.91	90.09	46.61	10.06	-3.09
16	41	58	89.79	 0.99	 0.48	 0.37	 0.41	90.94	87.68	97.62	52.21	 6.23	-2.57
16	43	58	77.72	 0.99	 0.52	 0.45	 0.37	79.62	74.58	88.67	44.91	 9.04	-4.36
16	45	58	80.33	 0.99	 0.51	 0.45	 0.37	83.57	76.99	88.67	45.55	 9.12	-3.28
16	48	 5	88.38	 0.99	 0.46	 0.43	 0.41	94.04	84.42	93.81	51.18	 9.14	-0.45
16	50	10	61.78	 0.99	 0.32	 0.29	 0.27	62.38	60.42	67.13	34.47	 4.31	-2.13
16	52	14	68.38	 0.99	 0.46	 0.37	 0.32	70.47	65.56	77.22	38.16	 7.35	-3.98
16	54	19	77.94	 0.99	 0.48	 0.56	 0.39	83.75	73.31	86.69	46.98	11.13	 0.05
16	56	20	76.81	 0.99	 0.46	 0.58	 0.40	82.76	71.93	86.38	47.80	11.77	 0.79
16	58	26	100.01	 0.98	 0.30	 0.55	 0.52	116.08	92.17	98.31	59.63	12.63	 8.08
17	 0	23	92.50	 0.98	 0.31	 0.58	 0.49	106.82	85.03	93.42	56.23	13.22	 7.50
17	 2	23	91.26	 0.98	 0.34	 0.59	 0.48	105.88	83.61	92.32	55.44	13.98	 7.18
17	 4	29	91.86	 0.98	 0.31	 0.59	 0.49	106.18	84.44	92.47	55.77	13.52	 7.65
17	 6	34	91.16	 0.98	 0.30	 0.60	 0.49	106.55	83.15	91.97	56.39	13.98	 8.00
17	 8	39	92.90	 0.98	 0.28	 0.59	 0.49	108.04	85.28	92.38	57.13	13.06	 8.85
17	10	45	92.91	 0.98	 0.27	 0.59	 0.50	107.54	85.58	92.28	57.74	12.26	 9.24
17	12	50	92.81	 0.98	 0.27	 0.60	 0.50	107.59	85.42	91.97	57.60	12.45	 9.37
17	14	58	91.37	 0.98	 0.27	 0.60	 0.49	105.75	84.10	91.02	56.71	12.73	 9.11
17	17	 5	88.77	 0.98	 0.28	 0.61	 0.47	99.78	82.95	89.71	55.21	11.40	 8.33
17	19	13	88.35	 0.98	 0.30	 0.62	 0.48	101.46	81.51	89.07	54.63	13.15	 8.34
17	21	21	85.99	 0.98	 0.28	 0.64	 0.47	98.77	79.28	86.95	52.68	14.17	 8.30
17	23	29	87.25	 0.98	 0.28	 0.64	 0.47	101.30	79.99	87.73	53.54	14.69	 8.65
17	25	36	88.29	 0.98	 0.28	 0.63	 0.48	103.38	80.64	88.00	54.13	15.01	 9.14
17	27	45	95.22	 0.98	 0.26	 0.61	 0.51	110.78	87.81	92.58	57.13	13.64	10.43
17	29	53	92.91	 0.98	 0.26	 0.62	 0.49	106.21	86.50	91.04	56.22	12.39	10.22
17	31	59	94.47	 0.98	 0.25	 0.63	 0.51	111.68	86.34	91.25	56.60	15.16	11.11
17	34	 7	101.26	 0.98	 0.25	 0.59	 0.53	116.39	94.55	96.19	60.30	11.13	11.33
17	36	17	100.88	 0.98	 0.27	 0.60	 0.53	119.33	92.49	95.71	59.42	14.02	10.94
17	38	25	98.20	 0.98	 0.25	 0.60	 0.51	112.08	92.00	93.72	58.44	11.42	11.04
17	40	32	95.04	 0.98	 0.26	 0.62	 0.51	112.00	87.16	91.13	57.46	13.81	11.07
17	42	37	93.78	 0.98	 0.26	 0.62	 0.50	110.48	86.02	89.85	57.07	13.87	11.41
17	44	41	91.79	 0.98	 0.26	 0.63	 0.49	107.81	84.31	88.15	56.35	13.66	11.36
17	46	49	87.48	 0.98	 0.24	 0.64	 0.46	98.85	82.12	85.16	54.33	11.40	11.02
17	48	58	85.24	 0.98	 0.27	 0.64	 0.46	99.03	78.54	83.43	52.79	14.04	 9.88
17	51	 8	93.62	 0.98	 0.28	 0.61	 0.48	106.20	87.85	90.29	55.27	11.94	 9.64
17	53	17	87.15	 0.99	 0.35	 0.62	 0.45	97.81	81.76	86.77	50.77	11.97	 6.21
17	55	27	81.21	 0.99	 0.37	 0.60	 0.42	88.89	76.82	83.83	48.42	 9.38	 3.40
17	57	38	81.06	 0.99	 0.34	 0.40	 0.40	82.74	79.52	84.47	45.34	 3.92	 0.44
17	59	46	68.88	 0.99	 0.37	 0.37	 0.34	68.26	67.34	78.47	40.29	 4.76	-2.69
18	 1	55	93.20	 0.99	 0.51	 0.35	 0.42	93.37	90.92	104.31	52.07	 5.77	-6.96
18	 4	 5	73.16	 0.99	 0.48	 0.36	 0.34	70.85	72.04	84.84	41.40	 4.90	-6.68
18	 6	17	71.61	 0.99	 0.47	 0.36	 0.34	69.17	70.56	83.28	40.62	 4.75	-6.49
18	 8	28	69.86	 0.99	 0.46	 0.36	 0.33	67.21	68.88	81.70	39.76	 4.71	-6.38
18	10	38	67.92	 0.99	 0.46	 0.36	 0.32	65.13	66.97	80.04	38.82	 4.71	-6.33
18	12	49	65.80	 0.99	 0.44	 0.35	 0.31	62.79	64.90	78.19	37.82	 4.50	-6.17
18	14	58	91.89	 0.99	 0.44	 0.32	 0.41	93.00	89.74	99.80	51.29	 5.29	-4.39
18	17	 9	94.49	 0.99	 0.47	 0.32	 0.42	95.55	92.17	103.39	52.68	 5.51	-5.16
18	19	21	78.58	 0.99	 0.37	 0.32	 0.35	76.38	78.12	86.50	44.06	 3.08	-3.86
18	21	32	86.70	 0.99	 0.41	 0.33	 0.39	86.39	85.19	95.12	48.33	 4.33	-4.70
18	23	45	68.55	 0.99	 0.41	 0.33	 0.32	65.17	68.20	79.10	39.03	 3.36	-5.02
18	25	56	64.55	 0.99	 0.40	 0.33	 0.31	60.65	64.29	75.99	37.10	 3.13	-5.22
18	28	10	89.11	 0.99	 0.43	 0.32	 0.39	90.79	86.81	96.34	49.59	 5.48	-4.00
18	30	21	65.61	 0.99	 0.41	 0.33	 0.31	62.86	64.94	76.07	37.40	 3.70	-5.04
18	32	32	68.65	 0.99	 0.40	 0.32	 0.32	64.96	68.52	78.92	38.90	 2.68	-5.11
18	34	45	68.99	 0.99	 0.44	 0.33	 0.32	65.74	68.42	80.33	38.96	 3.60	-6.30
18	36	57	64.79	 0.99	 0.43	 0.33	 0.31	61.49	64.15	76.72	36.92	 3.60	-6.25
18	39	10	69.64	 0.99	 0.48	 0.36	 0.33	66.72	68.56	82.87	39.08	 4.81	-8.29
18	41	24	70.59	 0.99	 0.45	 0.35	 0.33	66.89	70.03	83.21	39.52	 3.73	-7.72
18	43	39	68.37	 0.99	 0.46	 0.36	 0.33	62.71	68.43	82.98	38.75	 2.93	-8.80
18	45	52	67.95	 0.99	 0.46	 0.38	 0.33	62.37	67.70	83.92	38.40	 3.50	-9.94
18	48	 1	67.14	 0.99	 0.46	 0.40	 0.33	58.86	67.94	84.83	38.26	 2.50	-10.72
18	50	16	66.74	 0.99	 0.45	 0.42	 0.33	57.54	68.00	84.47	39.89	 0.39	-9.10
18	52	30	58.13	 0.99	 0.43	 0.40	 0.31	47.89	59.25	79.38	34.23	 2.15	-11.53
18	54	44	47.14	 0.99	 0.39	 0.40	 0.28	35.58	48.27	71.74	29.59	 1.83	-12.06
18	56	56	38.11	 0.99	 0.36	 0.52	 0.25	25.43	39.87	62.63	28.49	-1.98	-9.35
18	59	11	31.02	 0.99	 0.33	 0.56	 0.22	17.19	33.10	56.36	26.85	-3.61	-8.24
19	 2	57	31.61	 0.99	 0.34	 0.58	 0.24	13.92	35.11	59.88	27.54	-4.26	-9.78
19	 5	14	26.77	 0.97	 0.34	 0.40	 0.18	13.85	29.66	45.44	34.45	-3.45	-8.07
19	 7	21	20.69	 0.96	 0.33	 0.49	 0.14	11.39	23.29	32.93	31.92	-5.04	-3.35
19	 9	32	 7.00	 0.95	 0.32	 0.77	 0.06	 2.26	 7.77	13.89	15.63	-8.05	 0.75
19	11	43	 4.44	 0.90	 0.29	 0.75	 0.03	 1.76	 5.16	 6.06	12.96	-9.18	 4.24
19	13	58	 3.37	 0.82	 0.27	 0.74	 0.02	 1.52	 4.13	 2.39	11.29	-10.64	 7.60
19	16	13	 3.04	 0.71	 0.24	 0.76	 0.02	 1.49	 3.80	 1.07	10.57	-11.70	10.52
19	18	27	 3.00	 0.42	 0.23	 0.77	 0.01	 1.49	 3.77	 0.75	10.47	-12.20	11.69
19	20	44	 3.01	 0.51	 0.23	 0.77	 0.01	 1.49	 3.78	 0.73	10.48	-12.26	11.82
19	23	 2	 3.01	 0.63	 0.23	 0.77	 0.01	 1.49	 3.78	 0.72	10.48	-12.27	11.83
19	25	18	 3.01	 0.42	 0.23	 0.77	 0.01	 1.49	 3.78	 0.72	10.48	-12.27	11.83
19	27	32	 3.01	 0.42	 0.23	 0.77	 0.01	 1.49	 3.78	 0.72	10.48	-12.27	11.83
19	29	52	 3.01	 0.42	 0.23	 0.77	 0.01	 1.49	 3.78	 0.72	10.48	-12.27	11.83
19	32	13	 3.01	 0.42	 0.23	 0.77	 0.01	 1.49	 3.78	 0.72	10.48	-12.27	11.83
19	34	31	 3.01	 0.59	 0.23	 0.77	 0.01	 1.49	 3.78	 0.72	10.48	-12.27	11.83
19	36	52	 3.01	 0.51	 0.23	 0.77	 0.01	 1.49	 3.78	 0.72	10.48	-12.27	11.83
19	39	 5	 3.01	 0.59	 0.23	 0.77	 0.01	 1.49	 3.78	 0.72	10.48	-12.27	11.83
19	41	27	 3.01	 0.59	 0.23	 0.77	 0.01	 1.49	 3.78	 0.72	10.48	-12.26	11.83
19	43	48	 3.01	 0.42	 0.23	 0.77	 0.01	 1.49	 3.78	 0.72	10.48	-12.27	11.83
19	46	 9	 3.01	 0.59	 0.23	 0.77	 0.01	 1.49	 3.78	 0.72	10.48	-12.27	11.83
19	48	31	 3.01	 0.75	 0.23	 0.77	 0.01	 1.49	 3.78	 0.72	10.48	-12.27	11.83
19	50	53	 3.01	 0.51	 0.23	 0.77	 0.01	 1.49	 3.78	 0.72	10.48	-12.27	11.83
19	53	 4	 3.01	 0.71	 0.23	 0.77	 0.01	 1.49	 3.78	 0.72	10.48	-12.26	11.83
19	55	27	 3.01	 0.51	 0.23	 0.77	 0.01	 1.49	 3.78	 0.72	10.48	-12.27	11.83
19	57	51	 3.01	 0.51	 0.23	 0.77	 0.01	 1.49	 3.78	 0.72	10.48	-12.27	11.83
20	 0	10	 3.01	 0.42	 0.23	 0.77	 0.01	 1.49	 3.78	 0.72	10.48	-12.27	11.83
20	 2	36	 3.01	 0.42	 0.23	 0.77	 0.01	 1.49	 3.78	 0.72	10.48	-12.27	11.83
20	 4	58	 3.01	 0.51	 0.23	 0.77	 0.01	 1.49	 3.78	 0.72	10.48	-12.26	11.83
20	 7	21	 3.01	 0.51	 0.23	 0.77	 0.01	 1.49	 3.78	 0.72	10.48	-12.28	11.83
20	 9	45	 3.01	 0.42	 0.23	 0.77	 0.01	 1.49	 3.78	 0.72	10.48	-12.27	11.83
20	12	11	 3.01	 0.42	 0.23	 0.77	 0.01	 1.49	 3.78	 0.72	10.48	-12.27	11.83
20	14	36	 3.01	 0.63	 0.23	 0.77	 0.01	 1.49	 3.78	 0.72	10.48	-12.27	11.83
20	17	 1	 3.01	 0.63	 0.23	 0.77	 0.01	 1.49	 3.78	 0.72	10.48	-12.27	11.83
20	19	25	 3.01	 0.42	 0.23	 0.77	 0.01	 1.49	 3.78	 0.72	10.48	-12.27	11.83
20	21	47	 3.01	 0.51	 0.23	 0.77	 0.01	 1.49	 3.78	 0.72	10.48	-12.27	11.83
20	24	10	 3.01	 0.59	 0.23	 0.77	 0.01	 1.49	 3.78	 0.72	10.48	-12.27	11.83
20	26	36	 3.01	 0.59	 0.23	 0.77	 0.01	 1.49	 3.78	 0.72	10.48	-12.27	11.83
20	29	 1	 3.01	 0.59	 0.23	 0.77	 0.01	 1.49	 3.78	 0.72	10.48	-12.27	11.83
20	31	29	 3.01	 0.51	 0.23	 0.77	 0.01	 1.49	 3.78	 0.72	10.48	-12.27	11.83
20	33	58	 3.01	 0.42	 0.23	 0.77	 0.01	 1.49	 3.78	 0.72	10.48	-12.27	11.83
20	36	24	 3.01	 0.51	 0.23	 0.77	 0.01	 1.49	 3.78	 0.72	10.48	-12.27	11.83
20	38	50	 3.01	 0.59	 0.23	 0.77	 0.01	 1.49	 3.78	 0.72	10.48	-12.27	11.83
20	41	19	 3.01	 0.51	 0.23	 0.77	 0.01	 1.49	 3.78	 0.72	10.48	-12.26	11.83
20	43	47	 3.01	 0.51	 0.23	 0.77	 0.01	 1.49	 3.78	 0.72	10.48	-12.27	11.83
20	46	14	 3.01	 0.42	 0.23	 0.77	 0.01	 1.49	 3.78	 0.72	10.48	-12.27	11.83
20	48	42	 3.01	 0.51	 0.23	 0.77	 0.01	 1.49	 3.78	 0.72	10.48	-12.27	11.83
20	51	 6	 3.01	 0.42	 0.23	 0.77	 0.01	 1.49	 3.78	 0.72	10.48	-12.26	11.83
20	53	35	 3.01	 0.51	 0.23	 0.77	 0.01	 1.49	 3.78	 0.72	10.48	-12.27	11.83
20	55	59	 3.01	 0.51	 0.23	 0.77	 0.01	 1.49	 3.78	 0.72	10.48	-12.27	11.83
20	58	24	 3.01	 0.51	 0.23	 0.77	 0.01	 1.49	 3.78	 0.72	10.48	-12.27	11.83
21	 0	51	 3.01	 0.42	 0.23	 0.77	 0.01	 1.49	 3.78	 0.72	10.48	-12.27	11.83
21	 3	16	 3.01	 0.51	 0.23	 0.77	 0.01	 1.49	 3.78	 0.72	10.48	-12.27	11.83
21	 5	37	 3.01	 0.42	 0.23	 0.77	 0.01	 1.49	 3.78	 0.72	10.48	-12.27	11.83
21	 8	 4	 3.01	 0.42	 0.23	 0.77	 0.01	 1.49	 3.78	 0.72	10.48	-12.27	11.83
21	10	20	 3.01	 0.75	 0.23	 0.77	 0.01	 1.49	 3.78	 0.72	10.48	-12.27	11.83
21	12	48	 3.01	 0.59	 0.23	 0.77	 0.01	 1.49	 3.78	 0.72	10.48	-12.27	11.83
21	15	17	 3.01	 0.42	 0.23	 0.77	 0.01	 1.49	 3.78	 0.72	10.48	-12.27	11.83
21	17	48	 3.01	 0.42	 0.23	 0.77	 0.01	 1.49	 3.78	 0.72	10.48	-12.27	11.83
21	20	17	 3.01	 0.42	 0.23	 0.77	 0.01	 1.49	 3.78	 0.72	10.48	-12.27	11.83
21	22	45	 3.01	 0.42	 0.23	 0.77	 0.01	 1.49	 3.78	 0.72	10.48	-12.27	11.83
21	25	11	 3.01	 0.59	 0.23	 0.77	 0.01	 1.49	 3.78	 0.72	10.48	-12.27	11.83
21	27	41	 3.01	 0.42	 0.23	 0.77	 0.01	 1.49	 3.78	 0.72	10.48	-12.27	11.83
21	30	 9	 3.01	 0.75	 0.23	 0.77	 0.01	 1.49	 3.78	 0.72	10.48	-12.27	11.83
21	32	39	 3.01	 0.51	 0.23	 0.77	 0.01	 1.49	 3.78	 0.72	10.48	-12.27	11.83
21	35	 6	 3.01	 0.42	 0.23	 0.77	 0.01	 1.49	 3.78	 0.72	10.48	-12.27	11.83
21	37	34	 3.01	 0.42	 0.23	 0.77	 0.01	 1.49	 3.78	 0.72	10.48	-12.27	11.83
21	40	 3	 3.01	 0.63	 0.23	 0.77	 0.01	 1.49	 3.78	 0.72	10.48	-12.27	11.83
21	42	33	 3.01	 0.42	 0.23	 0.77	 0.01	 1.49	 3.78	 0.72	10.48	-12.27	11.83
21	44	60	 3.01	 0.42	 0.23	 0.77	 0.01	 1.49	 3.78	 0.72	10.48	-12.27	11.83
21	47	27	 3.01	 0.63	 0.23	 0.77	 0.01	 1.49	 3.78	 0.72	10.48	-12.27	11.83
21	49	57	 3.01	 0.68	 0.23	 0.77	 0.01	 1.49	 3.78	 0.72	10.48	-12.27	11.83
21	52	27	 3.01	 0.63	 0.23	 0.77	 0.01	 1.49	 3.78	 0.72	10.48	-12.27	11.83
21	54	57	 3.01	 0.51	 0.23	 0.77	 0.01	 1.49	 3.78	 0.72	10.48	-12.27	11.83
21	57	27	 3.01	 0.51	 0.23	 0.77	 0.01	 1.49	 3.78	 0.72	10.48	-12.27	11.83
21	59	56	 3.01	 0.42	 0.23	 0.77	 0.01	 1.49	 3.78	 0.72	10.48	-12.27	11.83
22	 2	27	 3.01	 0.63	 0.23	 0.77	 0.01	 1.49	 3.78	 0.72	10.48	-12.27	11.83
22	 4	57	 3.01	 0.42	 0.23	 0.77	 0.01	 1.49	 3.78	 0.72	10.48	-12.27	11.83
22	 7	26	 3.01	 0.42	 0.23	 0.77	 0.01	 1.49	 3.78	 0.72	10.48	-12.27	11.83
22	 9	54	 3.01	 0.59	 0.23	 0.77	 0.01	 1.49	 3.78	 0.72	10.48	-12.27	11.83
22	12	22	 3.01	 0.42	 0.23	 0.77	 0.01	 1.49	 3.78	 0.72	10.48	-12.26	11.83
22	14	46	 3.01	 0.51	 0.23	 0.77	 0.01	 1.49	 3.78	 0.72	10.48	-12.27	11.83
22	17	17	 3.01	 0.42	 0.23	 0.77	 0.01	 1.49	 3.78	 0.72	10.48	-12.27	11.83
22	19	48	 3.01	 0.42	 0.23	 0.77	 0.01	 1.49	 3.78	 0.72	10.48	-12.27	11.83
22	22	20	 3.01	 0.42	 0.23	 0.77	 0.01	 1.49	 3.78	 0.72	10.48	-12.27	11.83
22	24	51	 3.01	 0.42	 0.23	 0.77	 0.01	 1.49	 3.78	 0.72	10.48	-12.27	11.83
22	27	23	 3.01	 0.71	 0.23	 0.77	 0.01	 1.49	 3.78	 0.72	10.48	-12.26	11.83
22	29	54	 3.01	 0.42	 0.23	 0.77	 0.01	 1.49	 3.78	 0.72	10.48	-12.27	11.83
22	32	21	 3.01	 0.42	 0.23	 0.77	 0.01	 1.49	 3.78	 0.72	10.48	-12.27	11.83
22	34	53	 3.01	 0.51	 0.23	 0.77	 0.01	 1.49	 3.78	 0.72	10.48	-12.27	11.83
22	37	26	 3.01	 0.42	 0.23	 0.77	 0.01	 1.49	 3.78	 0.72	10.48	-12.27	11.83
22	40	 1	 3.01	 0.42	 0.23	 0.77	 0.01	 1.49	 3.78	 0.72	10.48	-12.27	11.83
22	42	36	 3.01	 0.42	 0.23	 0.77	 0.01	 1.49	 3.78	 0.72	10.48	-12.27	11.83
22	45	 9	 3.01	 0.51	 0.23	 0.77	 0.01	 1.49	 3.78	 0.72	10.48	-12.27	11.83
22	47	45	 3.01	 0.42	 0.23	 0.77	 0.01	 1.49	 3.78	 0.72	10.48	-12.27	11.83
22	50	20	 3.01	 0.51	 0.23	 0.77	 0.01	 1.49	 3.78	 0.72	10.48	-12.28	11.83
22	52	55	 3.01	 0.42	 0.23	 0.77	 0.01	 1.49	 3.78	 0.72	10.48	-12.27	11.83
22	55	30	 3.01	 0.42	 0.23	 0.77	 0.01	 1.49	 3.78	 0.72	10.48	-12.27	11.83
22	58	 6	 3.01	 0.59	 0.23	 0.77	 0.01	 1.49	 3.78	 0.72	10.48	-12.27	11.83
23	 0	45	 3.01	 0.63	 0.23	 0.77	 0.01	 1.49	 3.78	 0.72	10.48	-12.26	11.83
23	 3	21	 3.01	 0.42	 0.23	 0.77	 0.01	 1.49	 3.78	 0.72	10.48	-12.27	11.83
23	 6	 1	 3.01	 0.42	 0.23	 0.77	 0.01	 1.49	 3.78	 0.72	10.48	-12.27	11.83
23	 8	39	 3.01	 0.51	 0.23	 0.77	 0.01	 1.49	 3.78	 0.72	10.48	-12.27	11.83
23	11	13	 3.01	 0.42	 0.23	 0.77	 0.01	 1.49	 3.78	 0.72	10.48	-12.27	11.83
23	13	50	 3.01	 0.42	 0.23	 0.77	 0.01	 1.49	 3.78	 0.72	10.48	-12.27	11.83
23	16	26	 3.01	 0.42	 0.23	 0.77	 0.01	 1.49	 3.78	 0.72	10.48	-12.27	11.83
23	19	 6	 3.01	 0.42	 0.23	 0.77	 0.01	 1.49	 3.78	 0.72	10.48	-12.26	11.83
23	21	45	 3.01	 0.42	 0.23	 0.77	 0.01	 1.49	 3.78	 0.72	10.48	-12.26	11.83
23	24	19	 3.01	 0.42	 0.23	 0.77	 0.01	 1.49	 3.78	 0.72	10.48	-12.26	11.83
23	26	51	 3.01	 0.42	 0.23	 0.77	 0.01	 1.49	 3.78	 0.72	10.48	-12.27	11.83
23	29	29	 3.01	 0.42	 0.23	 0.77	 0.01	 1.49	 3.78	 0.72	10.48	-12.27	11.83
23	32	 8	 3.01	 0.59	 0.23	 0.77	 0.01	 1.49	 3.78	 0.72	10.48	-12.27	11.83
23	34	46	 3.01	 0.42	 0.23	 0.77	 0.01	 1.49	 3.78	 0.72	10.48	-12.27	11.83
23	37	24	 3.01	 0.51	 0.23	 0.77	 0.01	 1.49	 3.78	 0.72	10.48	-12.27	11.83
23	40	 3	 3.01	 0.51	 0.23	 0.77	 0.01	 1.49	 3.78	 0.72	10.48	-12.27	11.83
23	42	40	 3.01	 0.51	 0.23	 0.77	 0.01	 1.49	 3.78	 0.72	10.48	-12.27	11.83
23	45	20	 3.01	 0.63	 0.23	 0.77	 0.01	 1.49	 3.78	 0.72	10.48	-12.27	11.83
23	47	58	 3.01	 0.42	 0.23	 0.77	 0.01	 1.49	 3.78	 0.72	10.48	-12.27	11.83
23	50	33	 3.01	 0.51	 0.23	 0.77	 0.01	 1.49	 3.78	 0.72	10.48	-12.27	11.83
23	53	12	 3.01	 0.42	 0.23	 0.77	 0.01	 1.49	 3.78	 0.72	10.48	-12.27	11.83
23	55	52	 3.01	 0.51	 0.23	 0.77	 0.01	 1.49	 3.78	 0.72	10.48	-12.27	11.83
23	58	34	 3.01	 0.63	 0.23	 0.77	 0.01	 1.49	 3.78	 0.72	10.48	-12.27	11.83
